06 2 35 26 1 942 
07 2 35 26 1 1945 
08 2 35 26 1 2739 
09 2 35 26 1 2530 
10 2 35 26 1 1934 
11 2 35 26 1 1528 
12 2 35 26 1 1608 
13 2 35 26 1 1507 
14 2 35 26 1 1604 
15 2 35 26 1 1577 
16 2 35 26 1 1810 
17 2 35 26 1 2376 
18 2 35 26 1 1705 
19 2 35 26 1 1167 
20 2 35 26 1 1476 
21 2 35 26 1 1354 
06 2 35 25 1 859 
07 2 35 25 1 1483 
08 2 35 25 1 2186 
09 2 35 25 1 1767 
10 2 35 25 1 1688 
11 2 35 25 1 1565 
12 2 35 25 1 1446 
13 2 35 25 1 1642 
14 2 35 25 1 1858 
15 2 35 25 1 1617 
16 2 35 25 1 1912 
17 2 35 25 1 2093 
18 2 35 25 1 1989 
19 2 35 25 1 1494 
20 2 35 25 1 1472 
21 2 35 25 1 1193 
06 2 34 25 1 926 
07 2 34 25 1 1897 
08 2 34 25 1 2756 
09 2 34 25 1 2477 
10 2 34 25 1 1992 
11 2 34 25 1 1618 
12 2 34 25 1 1581 
13 2 34 25 1 1585 
14 2 34 25 1 1562 
15 2 34 25 1 1534 
16 2 34 25 1 1577 
17 2 34 25 1 1809 
18 2 34 25 1 1989 
19 2 34 25 1 1128 
20 2 34 25 1 1012 
21 2 34 25 1 976 
06 2 33 26 1 704 
07 2 33 26 1 1503 
08 2 33 26 1 2158 
09 2 33 26 1 2122 
10 2 33 26 1 2104 
11 2 33 26 1 1771 
12 2 33 26 1 1750 
13 2 33 26 1 1647 
14 2 33 26 1 1807 
15 2 33 26 1 1746 
16 2 33 26 1 1787 
17 2 33 26 1 2068 
18 2 33 26 1 1658 
19 2 33 26 1 1683 
20 2 33 26 1 1506 
21 2 33 26 1 1168 
06 3 34 25 1 880 
07 3 34 25 1 1943 
08 3 34 25 1 2699 
09 3 34 25 1 2342 
10 3 34 25 1 1867 
11 3 34 25 1 1653 
12 3 34 25 1 1548 
13 3 34 25 1 1806 
14 3 34 25 1 1883 
15 3 34 25 1 1801 
16 3 34 25 1 1814 
17 3 34 25 1 2279 
18 3 34 25 1 1826 
19 3 34 25 1 1631 
20 3 34 25 1 1460 
21 3 34 25 1 1232 
06 3 34 25 1 833 
07 3 34 25 1 1692 
08 3 34 25 1 2312 
09 3 34 25 1 2333 
10 3 34 25 1 1965 
11 3 34 25 1 1806 
12 3 34 25 1 1556 
13 3 34 25 1 1707 
14 3 34 25 1 1935 
15 3 34 25 1 1805 
16 3 34 25 1 1834 
17 3 34 25 1 2056 
18 3 34 25 1 2128 
19 3 34 25 1 1385 
20 3 34 25 1 1474 
21 3 34 25 1 1243 
06 3 33 25 1 897 
07 3 33 25 1 2060 
08 3 33 25 1 3125 
09 3 33 25 1 2565 
10 3 33 25 1 2082 
11 3 33 25 1 1749 
12 3 33 25 1 1677 
13 3 33 25 1 1956 
14 3 33 25 1 2173 
15 3 33 25 1 2084 
16 3 33 25 1 1892 
17 3 33 25 1 2163 
18 3 33 25 1 2374 
19 3 33 25 1 1644 
20 3 33 25 1 1339 
21 3 33 25 1 1078 
06 9 35 25 1 1065 
07 9 35 25 1 1761 
08 9 35 25 1 2426 
09 9 35 25 1 2331 
10 9 35 25 1 1855 
11 9 35 25 1 1980 
12 9 35 25 1 1483 
13 9 35 25 1 1688 
14 9 35 25 1 1943 
15 9 35 25 1 1907 
16 9 35 25 1 1927 
17 9 35 25 1 2318 
18 9 35 25 1 1965 
19 9 35 25 1 1722 
20 9 35 25 1 1594 
21 9 35 25 1 1284 
06 10 35 25 1 1180 
07 10 35 25 1 2270 
08 10 35 25 1 3060 
09 10 35 25 1 2641 
10 10 35 25 1 2005 
11 10 35 25 1 1956 
12 10 35 25 1 1666 
13 10 35 25 1 1953 
14 10 35 25 1 1935 
15 10 35 25 1 1711 
16 10 35 25 1 1997 
17 10 35 25 1 2446 
18 10 35 25 1 2333 
19 10 35 25 1 1739 
20 10 35 25 1 1533 
21 10 35 25 1 1138 
06 3 34 25 1 778 
07 3 34 25 1 1681 
08 3 34 25 1 2336 
09 3 34 25 1 2336 
10 3 34 25 1 2097 
11 3 34 25 1 1985 
12 3 34 25 1 1709 
13 3 34 25 1 1654 
14 3 34 25 1 2110 
15 3 34 25 1 2002 
16 3 34 25 1 2169 
17 3 34 25 1 2077 
18 3 34 25 1 2030 
19 3 34 25 1 1516 
20 3 34 25 1 1301 
21 3 34 25 1 926 
06 12 33 25 1 1100 
07 12 33 25 1 2184 
08 12 33 25 1 3023 
09 12 33 25 1 2687 
10 12 33 25 1 2232 
11 12 33 25 1 2075 
12 12 33 25 1 1933 
13 12 33 25 1 1688 
14 12 33 25 1 2047 
15 12 33 25 1 2096 
16 12 33 25 1 2241 
17 12 33 25 1 2491 
18 12 33 25 1 2183 
19 12 33 25 1 1593 
20 12 33 25 1 1310 
21 12 33 25 1 1082 
06 11 35 25 1 995 
07 11 35 25 1 1714 
08 11 35 25 1 2318 
09 11 35 25 1 2581 
10 11 35 25 1 2220 
11 11 35 25 1 1761 
12 11 35 25 1 1967 
13 11 35 25 1 1962 
14 11 35 25 1 1960 
15 11 35 25 1 2073 
16 11 35 25 1 2152 
17 11 35 25 1 2158 
18 11 35 25 1 2264 
19 11 35 25 1 1712 
20 11 35 25 1 1367 
21 11 35 25 1 1109 
06 9 32 23 4 791 
07 9 32 23 4 1916 
08 9 32 23 4 2911 
09 9 32 23 4 2453 
10 9 32 23 4 1932 
11 9 32 23 4 1696 
12 9 32 23 4 1695 
13 9 32 23 4 1744 
14 9 32 23 4 1668 
15 9 32 23 4 1834 
16 9 32 23 4 2014 
17 9 32 23 4 2105 
18 9 32 23 4 2096 
19 9 32 23 4 1420 
20 9 32 23 4 1113 
21 9 32 23 4 1053 
06 15 29 24 5 534 
07 15 29 24 5 1354 
08 15 29 24 5 2195 
09 15 29 24 5 2312 
10 15 29 24 5 1838 
11 15 29 24 5 1703 
12 15 29 24 5 1806 
13 15 29 24 5 1759 
14 15 29 24 5 2140 
15 15 29 24 5 2138 
16 15 29 24 5 1974 
17 15 29 24 5 2233 
18 15 29 24 5 1974 
19 15 29 24 5 1656 
20 15 29 24 5 1295 
21 15 29 24 5 956 
06 3 33 24 1 735 
07 3 33 24 1 1903 
08 3 33 24 1 2524 
09 3 33 24 1 2689 
10 3 33 24 1 1981 
11 3 33 24 1 1889 
12 3 33 24 1 1530 
13 3 33 24 1 1737 
14 3 33 24 1 1900 
15 3 33 24 1 1572 
16 3 33 24 1 1713 
17 3 33 24 1 1808 
18 3 33 24 1 1958 
19 3 33 24 1 1425 
20 3 33 24 1 1340 
21 3 33 24 1 948 
06 10 30 19 6 493 
07 10 30 19 6 1389 
08 10 30 19 6 1946 
09 10 30 19 6 2043 
10 10 30 19 6 1974 
11 10 30 19 6 1698 
12 10 30 19 6 1470 
13 10 30 19 6 1885 
14 10 30 19 6 1852 
15 10 30 19 6 1724 
16 10 30 19 6 1983 
17 10 30 19 6 1897 
18 10 30 19 6 1731 
19 10 30 19 6 1029 
20 10 30 19 6 907 
21 10 30 19 6 730 
06 10 30 19 1 860 
07 10 30 19 1 1937 
08 10 30 19 1 2652 
09 10 30 19 1 2489 
10 10 30 19 1 2147 
11 10 30 19 1 2047 
12 10 30 19 1 1861 
13 10 30 19 1 2048 
14 10 30 19 1 1871 
15 10 30 19 1 1774 
16 10 30 19 1 1887 
17 10 30 19 1 2267 
18 10 30 19 1 2089 
19 10 30 19 1 1356 
20 10 30 19 1 1312 
21 10 30 19 1 1122 
06 10 30 20 1 565 
07 10 30 20 1 1197 
08 10 30 20 1 1560 
09 10 30 20 1 1860 
10 10 30 20 1 1808 
11 10 30 20 1 1667 
12 10 30 20 1 1595 
13 10 30 20 1 1703 
14 10 30 20 1 1897 
15 10 30 20 1 1926 
16 10 30 20 1 1990 
17 10 30 20 1 1972 
18 10 30 20 1 2037 
19 10 30 20 1 1600 
20 10 30 20 1 1132 
21 10 30 20 1 1107 
06 17 29 21 1 639 
07 17 29 21 1 1757 
08 17 29 21 1 2610 
09 17 29 21 1 2132 
10 17 29 21 1 1959 
11 17 29 21 1 1832 
12 17 29 21 1 1549 
13 17 29 21 1 1712 
14 17 29 21 1 1991 
15 17 29 21 1 1858 
16 17 29 21 1 1968 
17 17 29 21 1 2086 
18 17 29 21 1 1862 
19 17 29 21 1 1299 
20 17 29 21 1 1076 
21 17 29 21 1 1101 
06 3 29 22 1 483 
07 3 29 22 1 1424 
08 3 29 22 1 1997 
09 3 29 22 1 1844 
10 3 29 22 1 1823 
11 3 29 22 1 1836 
12 3 29 22 1 1697 
13 3 29 22 1 1945 
14 3 29 22 1 2132 
15 3 29 22 1 2061 
16 3 29 22 1 2119 
17 3 29 22 1 2242 
18 3 29 22 1 1925 
19 3 29 22 1 1509 
20 3 29 22 1 1285 
21 3 29 22 1 1092 
06 11 31 20 1 719 
07 11 31 20 1 1676 
08 11 31 20 1 2819 
09 11 31 20 1 2350 
10 11 31 20 1 2222 
11 11 31 20 1 1933 
12 11 31 20 1 1808 
13 11 31 20 1 1879 
14 11 31 20 1 1941 
15 11 31 20 1 1962 
16 11 31 20 1 1956 
17 11 31 20 1 2285 
18 11 31 20 1 2116 
19 11 31 20 1 1252 
20 11 31 20 1 1105 
21 11 31 20 1 1090 
06 16 26 18 8 531 
07 16 26 18 8 1301 
08 16 26 18 8 2026 
09 16 26 18 8 2090 
10 16 26 18 8 2018 
11 16 26 18 8 1794 
12 16 26 18 8 1793 
13 16 26 18 8 2165 
14 16 26 18 8 2135 
15 16 26 18 8 2262 
16 16 26 18 8 2014 
17 16 26 18 8 2078 
18 16 26 18 8 1990 
19 16 26 18 8 1464 
20 16 26 18 8 1142 
21 16 26 18 8 945 
06 20 19 17 1 592 
07 20 19 17 1 1388 
08 20 19 17 1 1948 
09 20 19 17 1 1597 
10 20 19 17 1 1801 
11 20 19 17 1 1599 
12 20 19 17 1 1581 
13 20 19 17 1 1612 
14 20 19 17 1 1726 
15 20 19 17 1 1876 
16 20 19 17 1 1793 
17 20 19 17 1 2033 
18 20 19 17 1 2107 
19 20 19 17 1 1544 
20 20 19 17 1 1059 
21 20 19 17 1 943 
06 16 22 18 1 502 
07 16 22 18 1 1142 
08 16 22 18 1 1548 
09 16 22 18 1 1811 
10 16 22 18 1 1738 
11 16 22 18 1 1722 
12 16 22 18 1 1727 
13 16 22 18 1 1702 
14 16 22 18 1 2142 
15 16 22 18 1 1896 
16 16 22 18 1 2117 
17 16 22 18 1 2009 
18 16 22 18 1 1806 
19 16 22 18 1 1403 
20 16 22 18 1 1225 
21 16 22 18 1 867 
06 3 24 17 1 692 
07 3 24 17 1 1882 
08 3 24 17 1 3058 
09 3 24 17 1 2743 
10 3 24 17 1 2233 
11 3 24 17 1 1948 
12 3 24 17 1 1924 
13 3 24 17 1 1914 
14 3 24 17 1 2257 
15 3 24 17 1 1961 
16 3 24 17 1 1938 
17 3 24 17 1 2224 
18 3 24 17 1 1868 
19 3 24 17 1 1503 
20 3 24 17 1 1453 
21 3 24 17 1 994 
06 9 25 15 1 475 
07 9 25 15 1 1245 
08 9 25 15 1 1726 
09 9 25 15 1 1677 
10 9 25 15 1 1813 
11 9 25 15 1 2001 
12 9 25 15 1 1540 
13 9 25 15 1 2140 
14 9 25 15 1 2183 
15 9 25 15 1 2227 
16 9 25 15 1 2141 
17 9 25 15 1 2375 
18 9 25 15 1 2064 
19 9 25 15 1 1399 
20 9 25 15 1 1378 
21 9 25 15 1 1225 
06 10 26 17 1 752 
07 10 26 17 1 1881 
08 10 26 17 1 2754 
09 10 26 17 1 2344 
10 10 26 17 1 2456 
11 10 26 17 1 2020 
12 10 26 17 1 1901 
13 10 26 17 1 2258 
14 10 26 17 1 2330 
15 10 26 17 1 2088 
16 10 26 17 1 2168 
17 10 26 17 1 2434 
18 10 26 17 1 2362 
19 10 26 17 1 1438 
20 10 26 17 1 1367 
21 10 26 17 1 1310 
06 10 28 17 1 554 
07 10 28 17 1 1427 
08 10 28 17 1 1800 
09 10 28 17 1 2094 
10 10 28 17 1 2068 
11 10 28 17 1 1974 
12 10 28 17 1 1668 
13 10 28 17 1 1947 
14 10 28 17 1 2372 
15 10 28 17 1 2292 
16 10 28 17 1 2575 
17 10 28 17 1 2320 
18 10 28 17 1 2067 
19 10 28 17 1 1514 
20 10 28 17 1 1296 
21 10 28 17 1 1117 
06 16 26 20 1 561 
07 16 26 20 1 1699 
08 16 26 20 1 2551 
09 16 26 20 1 2459 
10 16 26 20 1 1935 
11 16 26 20 1 1859 
12 16 26 20 1 1829 
13 16 26 20 1 1951 
14 16 26 20 1 2016 
15 16 26 20 1 1826 
16 16 26 20 1 1941 
17 16 26 20 1 2704 
18 16 26 20 1 2338 
19 16 26 20 1 1426 
20 16 26 20 1 1403 
21 16 26 20 1 1252 
06 23 28 15 9 537 
07 23 28 15 9 1339 
08 23 28 15 9 1901 
09 23 28 15 9 2041 
10 23 28 15 9 2161 
11 23 28 15 9 1877 
12 23 28 15 9 1842 
13 23 28 15 9 2032 
14 23 28 15 9 1993 
15 23 28 15 9 2286 
16 23 28 15 9 2306 
17 23 28 15 9 2169 
18 23 28 15 9 2098 
19 23 28 15 9 1491 
20 23 28 15 9 1345 
21 23 28 15 9 989 
06 3 19 12 1 631 
07 3 19 12 1 1818 
08 3 19 12 1 2785 
09 3 19 12 1 2438 
10 3 19 12 1 2194 
11 3 19 12 1 2206 
12 3 19 12 1 1882 
13 3 19 12 1 2350 
14 3 19 12 1 2432 
15 3 19 12 1 2201 
16 3 19 12 1 2199 
17 3 19 12 1 2329 
18 3 19 12 1 2473 
19 3 19 12 1 1486 
20 3 19 12 1 1262 
21 3 19 12 1 1086 
06 23 17 11 1 530 
07 23 17 11 1 1237 
08 23 17 11 1 1763 
09 23 17 11 1 1599 
10 23 17 11 1 1575 
11 23 17 11 1 1692 
12 23 17 11 1 1683 
13 23 17 11 1 1753 
14 23 17 11 1 1967 
15 23 17 11 1 1874 
16 23 17 11 1 1707 
17 23 17 11 1 1914 
18 23 17 11 1 1611 
19 23 17 11 1 1143 
20 23 17 11 1 1156 
21 23 17 11 1 738 
06 3 16 8 1 532 
07 3 16 8 1 1654 
08 3 16 8 1 2455 
09 3 16 8 1 2247 
10 3 16 8 1 2063 
11 3 16 8 1 1948 
12 3 16 8 1 2068 
13 3 16 8 1 2103 
14 3 16 8 1 2135 
15 3 16 8 1 2141 
16 3 16 8 1 2165 
17 3 16 8 1 2018 
18 3 16 8 1 2189 
19 3 16 8 1 1432 
20 3 16 8 1 1273 
21 3 16 8 1 1070 
06 3 18 13 1 424 
07 3 18 13 1 1399 
08 3 18 13 1 2001 
09 3 18 13 1 2046 
10 3 18 13 1 2325 
11 3 18 13 1 1849 
12 3 18 13 1 2201 
13 3 18 13 1 2496 
14 3 18 13 1 2797 
15 3 18 13 1 2195 
16 3 18 13 1 2211 
17 3 18 13 1 2385 
18 3 18 13 1 2126 
19 3 18 13 1 1736 
20 3 18 13 1 1354 
21 3 18 13 1 1077 
06 10 18 5 1 531 
07 10 18 5 1 1434 
08 10 18 5 1 2554 
09 10 18 5 1 1972 
10 10 18 5 1 1983 
11 10 18 5 1 1756 
12 10 18 5 1 2052 
13 10 18 5 1 1918 
14 10 18 5 1 2218 
15 10 18 5 1 2151 
16 10 18 5 1 2441 
17 10 18 5 1 2492 
18 10 18 5 1 2355 
19 10 18 5 1 1401 
20 10 18 5 1 1497 
21 10 18 5 1 1150 
06 10 18 5 8 546 
07 10 18 5 8 1275 
08 10 18 5 8 1833 
09 10 18 5 8 1966 
10 10 18 5 8 2170 
11 10 18 5 8 2009 
12 10 18 5 8 2028 
13 10 18 5 8 2184 
14 10 18 5 8 2499 
15 10 18 5 8 2424 
16 10 18 5 8 2247 
17 10 18 5 8 2419 
18 10 18 5 8 2051 
19 10 18 5 8 1655 
20 10 18 5 8 1337 
21 10 18 5 8 1030 
06 23 18 9 1 458 
07 23 18 9 1 1570 
08 23 18 9 1 2171 
09 23 18 9 1 1879 
10 23 18 9 1 1815 
11 23 18 9 1 1620 
12 23 18 9 1 1622 
13 23 18 9 1 1850 
14 23 18 9 1 1835 
15 23 18 9 1 1752 
16 23 18 9 1 1862 
17 23 18 9 1 2047 
18 23 18 9 1 2123 
19 23 18 9 1 1329 
20 23 18 9 1 1016 
21 23 18 9 1 1068 
06 9 17 7 7 361 
07 9 17 7 7 987 
08 9 17 7 7 1699 
09 9 17 7 7 1667 
10 9 17 7 7 2035 
11 9 17 7 7 1745 
12 9 17 7 7 1764 
13 9 17 7 7 1868 
14 9 17 7 7 2016 
15 9 17 7 7 2016 
16 9 17 7 7 1961 
17 9 17 7 7 2175 
18 9 17 7 7 2030 
19 9 17 7 7 1321 
20 9 17 7 7 1312 
21 9 17 7 7 1038 
06 3 34 25 1 962 
07 3 34 25 1 1930 
08 3 34 25 1 2925 
09 3 34 25 1 2955 
10 3 34 25 1 2395 
11 3 34 25 1 1988 
12 3 34 25 1 1667 
13 3 34 25 1 1977 
14 3 34 25 1 1841 
15 3 34 25 1 1846 
16 3 34 25 1 1755 
17 3 34 25 1 2067 
18 3 34 25 1 1989 
19 3 34 25 1 1307 
20 3 34 25 1 1428 
21 3 34 25 1 1118 
06 11 34 25 1 757 
07 11 34 25 1 1663 
08 11 34 25 1 2034 
09 11 34 25 1 2652 
10 11 34 25 1 2264 
11 11 34 25 1 1814 
12 11 34 25 1 1759 
13 11 34 25 1 1868 
14 11 34 25 1 1961 
15 11 34 25 1 1865 
16 11 34 25 1 1798 
17 11 34 25 1 2018 
18 11 34 25 1 1709 
19 11 34 25 1 1327 
20 11 34 25 1 1581 
21 11 34 25 1 1219 
06 4 33 25 1 678 
07 4 33 25 1 1248 
08 4 33 25 1 1557 
09 4 33 25 1 1803 
10 4 33 25 1 1850 
11 4 33 25 1 1368 
12 4 33 25 1 1206 
13 4 33 25 1 1433 
14 4 33 25 1 1993 
15 4 33 25 1 1917 
16 4 33 25 1 1891 
17 4 33 25 1 2056 
18 4 33 25 1 1504 
19 4 33 25 1 1647 
20 4 33 25 1 1751 
21 4 33 25 1 1466 
06 3 32 24 1 532 
07 3 32 24 1 1375 
08 3 32 24 1 1967 
09 3 32 24 1 2119 
10 3 32 24 1 2112 
11 3 32 24 1 1737 
12 3 32 24 1 1425 
13 3 32 24 1 1509 
14 3 32 24 1 1567 
15 3 32 24 1 1624 
16 3 32 24 1 1582 
17 3 32 24 1 1546 
18 3 32 24 1 1266 
19 3 32 24 1 980 
20 3 32 24 1 1031 
21 3 32 24 1 918 
06 3 33 23 1 621 
07 3 33 23 1 1292 
08 3 33 23 1 1929 
09 3 33 23 1 2061 
10 3 33 23 1 1971 
11 3 33 23 1 1685 
12 3 33 23 1 1636 
13 3 33 23 1 1784 
14 3 33 23 1 1895 
15 3 33 23 1 1787 
16 3 33 23 1 1704 
17 3 33 23 1 1625 
18 3 33 23 1 1455 
19 3 33 23 1 1126 
20 3 33 23 1 1073 
21 3 33 23 1 843 
06 3 33 24 1 523 
07 3 33 24 1 1068 
08 3 33 24 1 1565 
09 3 33 24 1 1763 
10 3 33 24 1 1663 
11 3 33 24 1 1445 
12 3 33 24 1 1076 
13 3 33 24 1 1436 
14 3 33 24 1 1566 
15 3 33 24 1 1458 
16 3 33 24 1 1476 
17 3 33 24 1 1611 
18 3 33 24 1 1535 
19 3 33 24 1 1147 
20 3 33 24 1 858 
21 3 33 24 1 734 
06 3 33 22 1 447 
07 3 33 22 1 1069 
08 3 33 22 1 1368 
09 3 33 22 1 1474 
10 3 33 22 1 1525 
11 3 33 22 1 1120 
12 3 33 22 1 1005 
13 3 33 22 1 1238 
14 3 33 22 1 1365 
15 3 33 22 1 1298 
16 3 33 22 1 1221 
17 3 33 22 1 1370 
18 3 33 22 1 1567 
19 3 33 22 1 1007 
20 3 33 22 1 768 
21 3 33 22 1 683 
06 10 30 20 1 549 
07 10 30 20 1 1138 
08 10 30 20 1 1771 
09 10 30 20 1 1741 
10 10 30 20 1 1342 
11 10 30 20 1 1277 
12 10 30 20 1 1207 
13 10 30 20 1 1347 
14 10 30 20 1 1407 
15 10 30 20 1 1408 
16 10 30 20 1 1484 
17 10 30 20 1 1529 
18 10 30 20 1 1596 
19 10 30 20 1 1326 
20 10 30 20 1 1066 
21 10 30 20 1 899 
06 10 30 18 1 531 
07 10 30 18 1 1441 
08 10 30 18 1 2309 
09 10 30 18 1 1930 
10 10 30 18 1 1598 
11 10 30 18 1 1394 
12 10 30 18 1 1269 
13 10 30 18 1 1457 
14 10 30 18 1 1771 
15 10 30 18 1 1879 
16 10 30 18 1 1863 
17 10 30 18 1 1958 
18 10 30 18 1 1930 
19 10 30 18 1 1474 
20 10 30 18 1 1171 
21 10 30 18 1 957 
06 10 31 17 1 710 
07 10 31 17 1 1433 
08 10 31 17 1 2380 
09 10 31 17 1 2151 
10 10 31 17 1 1871 
11 10 31 17 1 1696 
12 10 31 17 1 1728 
13 10 31 17 1 1701 
14 10 31 17 1 2031 
15 10 31 17 1 2008 
16 10 31 17 1 1957 
17 10 31 17 1 2156 
18 10 31 17 1 1892 
19 10 31 17 1 1327 
20 10 31 17 1 1183 
21 10 31 17 1 832 