06 3 34 25 1 1271
07 3 34 25 1 2501
08 3 34 25 1 3642
09 3 34 25 1 3917
10 3 34 25 1 3240
11 3 34 25 1 2861
12 3 34 25 1 2402
13 3 34 25 1 2414
14 3 34 25 1 3039
15 3 34 25 1 2521
16 3 34 25 1 2525
17 3 34 25 1 3246
18 3 34 25 1 2977
19 3 34 25 1 2272
20 3 34 25 1 2039
21 3 34 25 1 2003
06 11 34 25 1 1169
07 11 34 25 1 2349
08 11 34 25 1 3520
09 11 34 25 1 3929
10 11 34 25 1 3463
11 11 34 25 1 2627
12 11 34 25 1 2139
13 11 34 25 1 2589
14 11 34 25 1 2707
15 11 34 25 1 2404
16 11 34 25 1 2800
17 11 34 25 1 2777
18 11 34 25 1 2388
19 11 34 25 1 2024
20 11 34 25 1 2084
21 11 34 25 1 1953
06 4 33 25 1 1099
07 4 33 25 1 1732
08 4 33 25 1 2487
09 4 33 25 1 2819
10 4 33 25 1 2837
11 4 33 25 1 2080
12 4 33 25 1 1760
13 4 33 25 1 2124
14 4 33 25 1 2695
15 4 33 25 1 2497
16 4 33 25 1 2968
17 4 33 25 1 2900
18 4 33 25 1 2101
19 4 33 25 1 2460
20 4 33 25 1 2480
21 4 33 25 1 2555