06 1 36 26 1 1003 
07 1 36 26 1 3303 
08 1 36 26 1 4109 
09 1 36 26 1 2707 
10 1 36 26 1 2003 
11 1 36 26 1 1579 
12 1 36 26 1 1554 
13 1 36 26 1 1678 
14 1 36 26 1 1858 
15 1 36 26 1 1862 
16 1 36 26 1 1892 
17 1 36 26 1 2863 
18 1 36 26 1 3159 
19 1 36 26 1 1914 
20 1 36 26 1 1537 
21 1 36 26 1 1228 
06 3 34 26 1 1405 
07 3 34 26 1 3719 
08 3 34 26 1 4422 
09 3 34 26 1 2514 
10 3 34 26 1 1779 
11 3 34 26 1 1559 
12 3 34 26 1 1464 
13 3 34 26 1 1664 
14 3 34 26 1 1649 
15 3 34 26 1 1933 
16 3 34 26 1 1669 
17 3 34 26 1 2763 
18 3 34 26 1 3012 
19 3 34 26 1 1571 
20 3 34 26 1 1543 
21 3 34 26 1 1063 
06 4 34 26 1 1009 
07 4 34 26 1 3071 
08 4 34 26 1 4271 
09 4 34 26 1 2215 
10 4 34 26 1 1663 
11 4 34 26 1 1544 
12 4 34 26 1 1334 
13 4 34 26 1 1499 
14 4 34 26 1 1624 
15 4 34 26 1 1629 
16 4 34 26 1 1781 
17 4 34 26 1 2587 
18 4 34 26 1 2857 
19 4 34 26 1 1792 
20 4 34 26 1 1085 
21 4 34 26 1 953 
06 2 34 26 1 979 
07 2 34 26 1 2888 
08 2 34 26 1 4055 
09 2 34 26 1 2535 
10 2 34 26 1 1901 
11 2 34 26 1 1682 
12 2 34 26 1 1667 
13 2 34 26 1 1576 
14 2 34 26 1 1988 
15 2 34 26 1 2041 
16 2 34 26 1 1957 
17 2 34 26 1 2854 
18 2 34 26 1 2982 
19 2 34 26 1 1833 
20 2 34 26 1 1388 
21 2 34 26 1 1156 
06 2 32 26 1 1068 
07 2 32 26 1 3205 
08 2 32 26 1 4110 
09 2 32 26 1 2878 
10 2 32 26 1 2246 
11 2 32 26 1 1698 
12 2 32 26 1 1563 
13 2 32 26 1 1519 
14 2 32 26 1 1428 
15 2 32 26 1 1657 
16 2 32 26 1 1814 
17 2 32 26 1 2830 
18 2 32 26 1 2984 
19 2 32 26 1 1997 
20 2 32 26 1 1345 
21 2 32 26 1 1033 
06 2 34 25 1 1078 
07 2 34 25 1 3259 
08 2 34 25 1 3899 
09 2 34 25 1 2730 
10 2 34 25 1 1991 
11 2 34 25 1 1759 
12 2 34 25 1 1631 
13 2 34 25 1 1805 
14 2 34 25 1 1867 
15 2 34 25 1 1883 
16 2 34 25 1 2164 
17 2 34 25 1 2818 
18 2 34 25 1 3177 
19 2 34 25 1 2111 
20 2 34 25 1 1274 
21 2 34 25 1 1389 
06 6 31 25 1 1019 
07 6 31 25 1 3434 
08 6 31 25 1 4018 
09 6 31 25 1 2289 
10 6 31 25 1 1910 
11 6 31 25 1 1895 
12 6 31 25 1 1416 
13 6 31 25 1 1485 
14 6 31 25 1 1827 
15 6 31 25 1 1817 
16 6 31 25 1 2071 
17 6 31 25 1 2705 
18 6 31 25 1 3122 
19 6 31 25 1 1848 
20 6 31 25 1 1290 
21 6 31 25 1 1008 
06 8 32 24 1 1078 
07 8 32 24 1 3619 
08 8 32 24 1 4331 
09 8 32 24 1 2615 
10 8 32 24 1 1824 
11 8 32 24 1 1651 
12 8 32 24 1 1460 
13 8 32 24 1 1279 
14 8 32 24 1 1222 
15 8 32 24 1 1774 
16 8 32 24 1 1779 
17 8 32 24 1 2104 
18 8 32 24 1 3008 
19 8 32 24 1 2091 
20 8 32 24 1 1609 
21 8 32 24 1 1545 
06 6 30 25 1 991 
07 6 30 25 1 2901 
08 6 30 25 1 3242 
09 6 30 25 1 2576 
10 6 30 25 1 1383 
11 6 30 25 1 1272 
12 6 30 25 1 1049 
13 6 30 25 1 1021 
14 6 30 25 1 1203 
15 6 30 25 1 1382 
16 6 30 25 1 1721 
17 6 30 25 1 2421 
18 6 30 25 1 2799 
19 6 30 25 1 1526 
20 6 30 25 1 1105 
21 6 30 25 1 929 
06 2 31 25 1 884 
07 2 31 25 1 2821 
08 2 31 25 1 4008 
09 2 31 25 1 2541 
10 2 31 25 1 1931 
11 2 31 25 1 1743 
12 2 31 25 1 1462 
13 2 31 25 1 1275 
14 2 31 25 1 1357 
15 2 31 25 1 1355 
16 2 31 25 1 1785 
17 2 31 25 1 2553 
18 2 31 25 1 2352 
19 2 31 25 1 1341 
20 2 31 25 1 955 
21 2 31 25 1 991 
06 3 33 24 1 1034 
07 3 33 24 1 3093 
08 3 33 24 1 3922 
09 3 33 24 1 2565 
10 3 33 24 1 2075 
11 3 33 24 1 1633 
12 3 33 24 1 1153 
13 3 33 24 1 1719 
14 3 33 24 1 1980 
15 3 33 24 1 2065 
16 3 33 24 1 1716 
17 3 33 24 1 2788 
18 3 33 24 1 3231 
19 3 33 24 1 1900 
20 3 33 24 1 1498 
21 3 33 24 1 1351 
06 10 35 25 1 1748 
07 10 35 25 1 3882 
08 10 35 25 1 4622 
09 10 35 25 1 2757 
10 10 35 25 1 2007 
11 10 35 25 1 1849 
12 10 35 25 1 1550 
13 10 35 25 1 1783 
14 10 35 25 1 1878 
15 10 35 25 1 1627 
16 10 35 25 1 2127 
17 10 35 25 1 3009 
18 10 35 25 1 3395 
19 10 35 25 1 2064 
20 10 35 25 1 1498 
21 10 35 25 1 1022 
06 11 35 25 1 1094 
07 11 35 25 1 3397 
08 11 35 25 1 4097 
09 11 35 25 1 3015 
10 11 35 25 1 2157 
11 11 35 25 1 1540 
12 11 35 25 1 1547 
13 11 35 25 1 1736 
14 11 35 25 1 1658 
15 11 35 25 1 1890 
16 11 35 25 1 1913 
17 11 35 25 1 2763 
18 11 35 25 1 3217 
19 11 35 25 1 1763 
20 11 35 25 1 1372 
21 11 35 25 1 1226 
06 4 33 25 1 1349 
07 4 33 25 1 3137 
08 4 33 25 1 4000 
09 4 33 25 1 2606 
10 4 33 25 1 1804 
11 4 33 25 1 1750 
12 4 33 25 1 1201 
13 4 33 25 1 1798 
14 4 33 25 1 1655 
15 4 33 25 1 1923 
16 4 33 25 1 2170 
17 4 33 25 1 3180 
18 4 33 25 1 3026 
19 4 33 25 1 1914 
20 4 33 25 1 1439 
21 4 33 25 1 1055 
06 3 33 25 1 1342 
07 3 33 25 1 3296 
08 3 33 25 1 4426 
09 3 33 25 1 2851 
10 3 33 25 1 2042 
11 3 33 25 1 1889 
12 3 33 25 1 1649 
13 3 33 25 1 1330 
14 3 33 25 1 1446 
15 3 33 25 1 1488 
16 3 33 25 1 1727 
17 3 33 25 1 2591 
18 3 33 25 1 2753 
19 3 33 25 1 1462 
20 3 33 25 1 1250 
21 3 33 25 1 1057 
06 9 34 25 1 1387 
07 9 34 25 1 3095 
08 9 34 25 1 3989 
09 9 34 25 1 2906 
10 9 34 25 1 2112 
11 9 34 25 1 1900 
12 9 34 25 1 1684 
13 9 34 25 1 1614 
14 9 34 25 1 1891 
15 9 34 25 1 1864 
16 9 34 25 1 2111 
17 9 34 25 1 2788 
18 9 34 25 1 2929 
19 9 34 25 1 1862 
20 9 34 25 1 1327 
21 9 34 25 1 1032 
06 9 34 24 1 1726 
07 9 34 24 1 4164 
08 9 34 24 1 4257 
09 9 34 24 1 2705 
10 9 34 24 1 2285 
11 9 34 24 1 1737 
12 9 34 24 1 1603 
13 9 34 24 1 1596 
14 9 34 24 1 1761 
15 9 34 24 1 1926 
16 9 34 24 1 2425 
17 9 34 24 1 3127 
18 9 34 24 1 3414 
19 9 34 24 1 1568 
20 9 34 24 1 1411 
21 9 34 24 1 1164 
06 10 34 24 1 1804 
07 10 34 24 1 4151 
08 10 34 24 1 4170 
09 10 34 24 1 2813 
10 10 34 24 1 1955 
11 10 34 24 1 1608 
12 10 34 24 1 1429 
13 10 34 24 1 1579 
14 10 34 24 1 1899 
15 10 34 24 1 2055 
16 10 34 24 1 2329 
17 10 34 24 1 3374 
18 10 34 24 1 3385 
19 10 34 24 1 1778 
20 10 34 24 1 1374 
21 10 34 24 1 1177 
06 11 34 25 1 1612 
07 11 34 25 1 4120 
08 11 34 25 1 4566 
09 11 34 25 1 2860 
10 11 34 25 1 2155 
11 11 34 25 1 1698 
12 11 34 25 1 1483 
13 11 34 25 1 1731 
14 11 34 25 1 1756 
15 11 34 25 1 1990 
16 11 34 25 1 2507 
17 11 34 25 1 3083 
18 11 34 25 1 3444 
19 11 34 25 1 1853 
20 11 34 25 1 1369 
21 11 34 25 1 1100 
06 2 34 24 1 1735 
07 2 34 24 1 4013 
08 2 34 24 1 4141 
09 2 34 24 1 2657 
10 2 34 24 1 2220 
11 2 34 24 1 1899 
12 2 34 24 1 1400 
13 2 34 24 1 1807 
14 2 34 24 1 1915 
15 2 34 24 1 1978 
16 2 34 24 1 2363 
17 2 34 24 1 3572 
18 2 34 24 1 3374 
19 2 34 24 1 2096 
20 2 34 24 1 1618 
21 2 34 24 1 1210 
06 2 32 24 1 1748 
07 2 32 24 1 3790 
08 2 32 24 1 4371 
09 2 32 24 1 2890 
10 2 32 24 1 1788 
11 2 32 24 1 1597 
12 2 32 24 1 1507 
13 2 32 24 1 1720 
14 2 32 24 1 1897 
15 2 32 24 1 2031 
16 2 32 24 1 2498 
17 2 32 24 1 3011 
18 2 32 24 1 3167 
19 2 32 24 1 2040 
20 2 32 24 1 1836 
21 2 32 24 1 1325 
06 3 34 25 1 1722 
07 3 34 25 1 3725 
08 3 34 25 1 4192 
09 3 34 25 1 2440 
10 3 34 25 1 2130 
11 3 34 25 1 1726 
12 3 34 25 1 1642 
13 3 34 25 1 1867 
14 3 34 25 1 1756 
15 3 34 25 1 1800 
16 3 34 25 1 2325 
17 3 34 25 1 2938 
18 3 34 25 1 3143 
19 3 34 25 1 1803 
20 3 34 25 1 1403 
21 3 34 25 1 1066 
06 3 34 25 1 1559 
07 3 34 25 1 3951 
08 3 34 25 1 4461 
09 3 34 25 1 2914 
10 3 34 25 1 1951 
11 3 34 25 1 1817 
12 3 34 25 1 1686 
13 3 34 25 1 1508 
14 3 34 25 1 1941 
15 3 34 25 1 2011 
16 3 34 25 1 2514 
17 3 34 25 1 3609 
18 3 34 25 1 3501 
19 3 34 25 1 1870 
20 3 34 25 1 1471 
21 3 34 25 1 1222 
06 3 34 25 1 1674 
07 3 34 25 1 3618 
08 3 34 25 1 4229 
09 3 34 25 1 2496 
10 3 34 25 1 1926 
11 3 34 25 1 1691 
12 3 34 25 1 1501 
13 3 34 25 1 1581 
14 3 34 25 1 1990 
15 3 34 25 1 1784 
16 3 34 25 1 2113 
17 3 34 25 1 3130 
18 3 34 25 1 3191 
19 3 34 25 1 1866 
20 3 34 25 1 1511 
21 3 34 25 1 1181 
06 2 34 25 1 1977 
07 2 34 25 1 4287 
08 2 34 25 1 4775 
09 2 34 25 1 2881 
10 2 34 25 1 1988 
11 2 34 25 1 1962 
12 2 34 25 1 1788 
13 2 34 25 1 1869 
14 2 34 25 1 1982 
15 2 34 25 1 2056 
16 2 34 25 1 2541 
17 2 34 25 1 3358 
18 2 34 25 1 3646 
19 2 34 25 1 1915 
20 2 34 25 1 1578 
21 2 34 25 1 1352 
06 13 35 25 2 1726 
07 13 35 25 2 4422 
08 13 35 25 2 4666 
09 13 35 25 2 2969 
10 13 35 25 2 2071 
11 13 35 25 2 1777 
12 13 35 25 2 1319 
13 13 35 25 2 1532 
14 13 35 25 2 1621 
15 13 35 25 2 1873 
16 13 35 25 2 2544 
17 13 35 25 2 3540 
18 13 35 25 2 2875 
19 13 35 25 2 1821 
20 13 35 25 2 1234 
21 13 35 25 2 971 
06 14 30 25 3 1677 
07 14 30 25 3 4426 
08 14 30 25 3 4350 
09 14 30 25 3 2728 
10 14 30 25 3 1695 
11 14 30 25 3 1432 
12 14 30 25 3 1339 
13 14 30 25 3 1414 
14 14 30 25 3 1664 
15 14 30 25 3 1679 
16 14 30 25 3 2234 
17 14 30 25 3 3168 
18 14 30 25 3 3025 
19 14 30 25 3 1619 
20 14 30 25 3 1106 
21 14 30 25 3 1021 
06 2 31 25 1 1644 
07 2 31 25 1 3928 
08 2 31 25 1 4708 
09 2 31 25 1 2774 
10 2 31 25 1 1730 
11 2 31 25 1 1511 
12 2 31 25 1 1304 
13 2 31 25 1 1599 
14 2 31 25 1 1746 
15 2 31 25 1 1985 
16 2 31 25 1 2310 
17 2 31 25 1 3186 
18 2 31 25 1 3250 
19 2 31 25 1 1834 
20 2 31 25 1 1308 
21 2 31 25 1 1106 
06 3 33 25 1 1370 
07 3 33 25 1 3698 
08 3 33 25 1 4115 
09 3 33 25 1 2626 
10 3 33 25 1 1938 
11 3 33 25 1 1580 
12 3 33 25 1 1351 
13 3 33 25 1 1575 
14 3 33 25 1 1883 
15 3 33 25 1 1568 
16 3 33 25 1 2089 
17 3 33 25 1 3028 
18 3 33 25 1 3118 
19 3 33 25 1 1673 
20 3 33 25 1 1020 
21 3 33 25 1 953 
06 3 35 24 1 1687 
07 3 35 24 1 3747 
08 3 35 24 1 3975 
09 3 35 24 1 2455 
10 3 35 24 1 1823 
11 3 35 24 1 1545 
12 3 35 24 1 1300 
13 3 35 24 1 1541 
14 3 35 24 1 1520 
15 3 35 24 1 1674 
16 3 35 24 1 2119 
17 3 35 24 1 2808 
18 3 35 24 1 2961 
19 3 35 24 1 1990 
20 3 35 24 1 1431 
21 3 35 24 1 1182 
06 3 30 23 1 1289 
07 3 30 23 1 3601 
08 3 30 23 1 4346 
09 3 30 23 1 2534 
10 3 30 23 1 1860 
11 3 30 23 1 1497 
12 3 30 23 1 1405 
13 3 30 23 1 1374 
14 3 30 23 1 1939 
15 3 30 23 1 1894 
16 3 30 23 1 2430 
17 3 30 23 1 3063 
18 3 30 23 1 3144 
19 3 30 23 1 1708 
20 3 30 23 1 1202 
21 3 30 23 1 924 
06 10 31 23 1 1519 
07 10 31 23 1 3660 
08 10 31 23 1 3800 
09 10 31 23 1 2456 
10 10 31 23 1 1776 
11 10 31 23 1 1456 
12 10 31 23 1 1234 
13 10 31 23 1 1410 
14 10 31 23 1 1495 
15 10 31 23 1 1684 
16 10 31 23 1 1890 
17 10 31 23 1 2855 
18 10 31 23 1 2999 
19 10 31 23 1 1613 
20 10 31 23 1 1318 
21 10 31 23 1 1040 
06 10 32 23 1 1620 
07 10 32 23 1 4081 
08 10 32 23 1 4032 
09 10 32 23 1 2624 
10 10 32 23 1 2142 
11 10 32 23 1 1650 
12 10 32 23 1 1516 
13 10 32 23 1 1641 
14 10 32 23 1 1651 
15 10 32 23 1 1864 
16 10 32 23 1 2151 
17 10 32 23 1 2749 
18 10 32 23 1 3132 
19 10 32 23 1 1799 
20 10 32 23 1 1265 
21 10 32 23 1 978 
06 10 33 23 1 1334 
07 10 33 23 1 3790 
08 10 33 23 1 3928 
09 10 33 23 1 2442 
10 10 33 23 1 1964 
11 10 33 23 1 1528 
12 10 33 23 1 1332 
13 10 33 23 1 1659 
14 10 33 23 1 1759 
15 10 33 23 1 1745 
16 10 33 23 1 2249 
17 10 33 23 1 3337 
18 10 33 23 1 2827 
19 10 33 23 1 1859 
20 10 33 23 1 1282 
21 10 33 23 1 1032 
06 10 33 24 1 1467 
07 10 33 24 1 3936 
08 10 33 24 1 4369 
09 10 33 24 1 2580 
10 10 33 24 1 1776 
11 10 33 24 1 1544 
12 10 33 24 1 1472 
13 10 33 24 1 1653 
14 10 33 24 1 1664 
15 10 33 24 1 1897 
16 10 33 24 1 2080 
17 10 33 24 1 3284 
18 10 33 24 1 3095 
19 10 33 24 1 1745 
20 10 33 24 1 1246 
21 10 33 24 1 1092 
06 10 33 24 1 1151 
07 10 33 24 1 3412 
08 10 33 24 1 3528 
09 10 33 24 1 2207 
10 10 33 24 1 1714 
11 10 33 24 1 1311 
12 10 33 24 1 1166 
13 10 33 24 1 1345 
14 10 33 24 1 1438 
15 10 33 24 1 1655 
16 10 33 24 1 2094 
17 10 33 24 1 2897 
18 10 33 24 1 2854 
19 10 33 24 1 1450 
20 10 33 24 1 1049 
21 10 33 24 1 959 
06 11 34 24 1 1236 
07 11 34 24 1 3501 
08 11 34 24 1 3835 
09 11 34 24 1 2300 
10 11 34 24 1 1584 
11 11 34 24 1 1338 
12 11 34 24 1 1059 
13 11 34 24 1 1404 
14 11 34 24 1 1557 
15 11 34 24 1 1627 
16 11 34 24 1 1950 
17 11 34 24 1 2916 
18 11 34 24 1 2911 
19 11 34 24 1 1842 
20 11 34 24 1 1140 
21 11 34 24 1 949 
06 3 33 24 1 916 
07 3 33 24 1 2577 
08 3 33 24 1 3266 
09 3 33 24 1 2212 
10 3 33 24 1 1901 
11 3 33 24 1 1453 
12 3 33 24 1 1291 
13 3 33 24 1 1335 
14 3 33 24 1 1466 
15 3 33 24 1 1583 
16 3 33 24 1 2295 
17 3 33 24 1 3306 
18 3 33 24 1 2712 
19 3 33 24 1 1716 
20 3 33 24 1 1363 
21 3 33 24 1 1112 
06 10 30 18 1 1508 
07 10 30 18 1 3666 
08 10 30 18 1 3751 
09 10 30 18 1 2364 
10 10 30 18 1 1757 
11 10 30 18 1 1470 
12 10 30 18 1 1429 
13 10 30 18 1 1389 
14 10 30 18 1 1625 
15 10 30 18 1 1688 
16 10 30 18 1 1989 
17 10 30 18 1 2966 
18 10 30 18 1 2811 
19 10 30 18 1 1651 
20 10 30 18 1 970 
21 10 30 18 1 901 
06 10 30 19 1 1155 
07 10 30 19 1 3591 
08 10 30 19 1 3449 
09 10 30 19 1 2310 
10 10 30 19 1 1706 
11 10 30 19 1 1263 
12 10 30 19 1 1245 
13 10 30 19 1 1427 
14 10 30 19 1 1503 
15 10 30 19 1 1971 
16 10 30 19 1 2224 
17 10 30 19 1 3161 
18 10 30 19 1 3075 
19 10 30 19 1 1422 
20 10 30 19 1 1308 
21 10 30 19 1 850 
06 10 30 21 1 931 
07 10 30 21 1 3381 
08 10 30 21 1 3610 
09 10 30 21 1 2636 
10 10 30 21 1 1753 
11 10 30 21 1 1661 
12 10 30 21 1 1285 
13 10 30 21 1 1319 
14 10 30 21 1 1748 
15 10 30 21 1 1810 
16 10 30 21 1 2153 
17 10 30 21 1 3104 
18 10 30 21 1 2694 
19 10 30 21 1 1400 
20 10 30 21 1 1336 
21 10 30 21 1 680 
06 10 31 19 1 1186 
07 10 31 19 1 3114 
08 10 31 19 1 3822 
09 10 31 19 1 2365 
10 10 31 19 1 1742 
11 10 31 19 1 1387 
12 10 31 19 1 1346 
13 10 31 19 1 1538 
14 10 31 19 1 1509 
15 10 31 19 1 1474 
16 10 31 19 1 1910 
17 10 31 19 1 2755 
18 10 31 19 1 2502 
19 10 31 19 1 1563 
20 10 31 19 1 1225 
21 10 31 19 1 857 
06 10 29 18 7 1223 
07 10 29 18 7 3690 
08 10 29 18 7 3898 
09 10 29 18 7 2741 
10 10 29 18 7 1921 
11 10 29 18 7 1300 
12 10 29 18 7 1198 
13 10 29 18 7 1293 
14 10 29 18 7 1465 
15 10 29 18 7 1604 
16 10 29 18 7 1928 
17 10 29 18 7 2780 
18 10 29 18 7 2742 
19 10 29 18 7 1319 
20 10 29 18 7 885 
21 10 29 18 7 679 
06 10 29 17 1 1068 
07 10 29 17 1 3429 
08 10 29 17 1 3647 
09 10 29 17 1 2384 
10 10 29 17 1 1523 
11 10 29 17 1 1396 
12 10 29 17 1 1269 
13 10 29 17 1 1222 
14 10 29 17 1 1571 
15 10 29 17 1 1714 
16 10 29 17 1 2042 
17 10 29 17 1 2851 
18 10 29 17 1 2753 
19 10 29 17 1 1305 
20 10 29 17 1 998 
21 10 29 17 1 688 
06 10 30 16 1 1246 
07 10 30 16 1 3131 
08 10 30 16 1 4065 
09 10 30 16 1 2376 
10 10 30 16 1 1746 
11 10 30 16 1 1405 
12 10 30 16 1 1311 
13 10 30 16 1 1594 
14 10 30 16 1 1679 
15 10 30 16 1 1831 
16 10 30 16 1 2301 
17 10 30 16 1 2966 
18 10 30 16 1 3225 
19 10 30 16 1 1565 
20 10 30 16 1 1124 
21 10 30 16 1 1027 
06 10 30 18 1 1216 
07 10 30 18 1 3093 
08 10 30 18 1 3530 
09 10 30 18 1 2082 
10 10 30 18 1 1551 
11 10 30 18 1 1414 
12 10 30 18 1 1129 
13 10 30 18 1 1434 
14 10 30 18 1 1408 
15 10 30 18 1 1738 
16 10 30 18 1 2175 
17 10 30 18 1 2810 
18 10 30 18 1 2888 
19 10 30 18 1 1360 
20 10 30 18 1 1099 
21 10 30 18 1 913 
06 10 30 18 1 1334 
07 10 30 18 1 3620 
08 10 30 18 1 3487 
09 10 30 18 1 2588 
10 10 30 18 1 1734 
11 10 30 18 1 1460 
12 10 30 18 1 1261 
13 10 30 18 1 1474 
14 10 30 18 1 1469 
15 10 30 18 1 1885 
16 10 30 18 1 2128 
17 10 30 18 1 2861 
18 10 30 18 1 3039 
19 10 30 18 1 1703 
20 10 30 18 1 1253 
21 10 30 18 1 1058 
06 3 30 20 1 1367 
07 3 30 20 1 3015 
08 3 30 20 1 3487 
09 3 30 20 1 2251 
10 3 30 20 1 1755 
11 3 30 20 1 1381 
12 3 30 20 1 1288 
13 3 30 20 1 1552 
14 3 30 20 1 1574 
15 3 30 20 1 1590 
16 3 30 20 1 1854 
17 3 30 20 1 2712 
18 3 30 20 1 3247 
19 3 30 20 1 1406 
20 3 30 20 1 904 
21 3 30 20 1 764 
06 3 31 21 1 1140 
07 3 31 21 1 3608 
08 3 31 21 1 3887 
09 3 31 21 1 2382 
10 3 31 21 1 1522 
11 3 31 21 1 1143 
12 3 31 21 1 1087 
13 3 31 21 1 1243 
14 3 31 21 1 1349 
15 3 31 21 1 1605 
16 3 31 21 1 2222 
17 3 31 21 1 2964 
18 3 31 21 1 2954 
19 3 31 21 1 1690 
20 3 31 21 1 997 
21 3 31 21 1 861 
06 3 30 21 1 1197 
07 3 30 21 1 3490 
08 3 30 21 1 3868 
09 3 30 21 1 2296 
10 3 30 21 1 1576 
11 3 30 21 1 1394 
12 3 30 21 1 1306 
13 3 30 21 1 1300 
14 3 30 21 1 1711 
15 3 30 21 1 1787 
16 3 30 21 1 2092 
17 3 30 21 1 2660 
18 3 30 21 1 2648 
19 3 30 21 1 1597 
20 3 30 21 1 1032 
21 3 30 21 1 974 
06 3 29 20 1 1133 
07 3 29 20 1 3503 
08 3 29 20 1 3685 
09 3 29 20 1 2350 
10 3 29 20 1 1507 
11 3 29 20 1 1447 
12 3 29 20 1 1126 
13 3 29 20 1 1402 
14 3 29 20 1 1563 
15 3 29 20 1 1655 
16 3 29 20 1 2066 
17 3 29 20 1 2792 
18 3 29 20 1 2770 
19 3 29 20 1 1462 
20 3 29 20 1 1185 
21 3 29 20 1 917 
06 16 27 21 1 943 
07 16 27 21 1 3298 
08 16 27 21 1 3807 
09 16 27 21 1 2579 
10 16 27 21 1 1876 
11 16 27 21 1 1609 
12 16 27 21 1 1453 
13 16 27 21 1 1564 
14 16 27 21 1 1754 
15 16 27 21 1 2055 
16 16 27 21 1 2399 
17 16 27 21 1 3232 
18 16 27 21 1 2952 
19 16 27 21 1 1689 
20 16 27 21 1 1276 
21 16 27 21 1 1125 
06 11 30 21 1 1345 
07 11 30 21 1 3819 
08 11 30 21 1 3731 
09 11 30 21 1 2408 
10 11 30 21 1 1547 
11 11 30 21 1 1398 
12 11 30 21 1 1292 
13 11 30 21 1 1453 
14 11 30 21 1 1452 
15 11 30 21 1 1788 
16 11 30 21 1 1978 
17 11 30 21 1 2895 
18 11 30 21 1 3044 
19 11 30 21 1 1366 
20 11 30 21 1 1039 
21 11 30 21 1 765 
06 3 30 20 1 1382 
07 3 30 20 1 3517 
08 3 30 20 1 4121 
09 3 30 20 1 2533 
10 3 30 20 1 1691 
11 3 30 20 1 1533 
12 3 30 20 1 1385 
13 3 30 20 1 1432 
14 3 30 20 1 1795 
15 3 30 20 1 1725 
16 3 30 20 1 2377 
17 3 30 20 1 3172 
18 3 30 20 1 3062 
19 3 30 20 1 1450 
20 3 30 20 1 1258 
21 3 30 20 1 915 
06 9 30 21 1 1352 
07 9 30 21 1 3835 
08 9 30 21 1 4110 
09 9 30 21 1 2317 
10 9 30 21 1 1948 
11 9 30 21 1 1299 
12 9 30 21 1 1270 
13 9 30 21 1 1429 
14 9 30 21 1 1558 
15 9 30 21 1 1871 
16 9 30 21 1 2308 
17 9 30 21 1 3158 
18 9 30 21 1 2993 
19 9 30 21 1 1594 
20 9 30 21 1 1063 
21 9 30 21 1 1026 
06 10 31 20 1 1394 
07 10 31 20 1 3510 
08 10 31 20 1 3795 
09 10 31 20 1 2512 
10 10 31 20 1 1865 
11 10 31 20 1 1436 
12 10 31 20 1 1346 
13 10 31 20 1 1450 
14 10 31 20 1 1942 
15 10 31 20 1 1817 
16 10 31 20 1 2460 
17 10 31 20 1 3335 
18 10 31 20 1 2980 
19 10 31 20 1 1436 
20 10 31 20 1 1107 
21 10 31 20 1 931 
06 10 31 20 1 1369 
07 10 31 20 1 3514 
08 10 31 20 1 3697 
09 10 31 20 1 2365 
10 10 31 20 1 1793 
11 10 31 20 1 1506 
12 10 31 20 1 1411 
13 10 31 20 1 1652 
14 10 31 20 1 1688 
15 10 31 20 1 2126 
16 10 31 20 1 2528 
17 10 31 20 1 3264 
18 10 31 20 1 3462 
19 10 31 20 1 1885 
20 10 31 20 1 1326 
21 10 31 20 1 1151 
06 3 25 17 1 1419 
07 3 25 17 1 3610 
08 3 25 17 1 3990 
09 3 25 17 1 2536 
10 3 25 17 1 1715 
11 3 25 17 1 1448 
12 3 25 17 1 1353 
13 3 25 17 1 1491 
14 3 25 17 1 1657 
15 3 25 17 1 1875 
16 3 25 17 1 2306 
17 3 25 17 1 3345 
18 3 25 17 1 3053 
19 3 25 17 1 1439 
20 3 25 17 1 1174 
21 3 25 17 1 726 
06 3 26 17 1 1228 
07 3 26 17 1 3297 
08 3 26 17 1 3819 
09 3 26 17 1 2316 
10 3 26 17 1 1743 
11 3 26 17 1 1465 
12 3 26 17 1 1462 
13 3 26 17 1 1503 
14 3 26 17 1 1833 
15 3 26 17 1 1855 
16 3 26 17 1 2252 
17 3 26 17 1 3096 
18 3 26 17 1 3058 
19 3 26 17 1 1542 
20 3 26 17 1 1135 
21 3 26 17 1 1084 
06 18 27 20 1 1016 
07 18 27 20 1 3519 
08 18 27 20 1 4056 
09 18 27 20 1 2554 
10 18 27 20 1 1935 
11 18 27 20 1 1816 
12 18 27 20 1 1536 
13 18 27 20 1 1626 
14 18 27 20 1 1700 
15 18 27 20 1 1996 
16 18 27 20 1 2191 
17 18 27 20 1 3166 
18 18 27 20 1 2791 
19 18 27 20 1 1415 
20 18 27 20 1 998 
21 18 27 20 1 759 
06 17 25 19 1 897 
07 17 25 19 1 3039 
08 17 25 19 1 3189 
09 17 25 19 1 2258 
10 17 25 19 1 1239 
11 17 25 19 1 1027 
12 17 25 19 1 1133 
13 17 25 19 1 1432 
14 17 25 19 1 1476 
15 17 25 19 1 1612 
16 17 25 19 1 2141 
17 17 25 19 1 2862 
18 17 25 19 1 2541 
19 17 25 19 1 1400 
20 17 25 19 1 945 
21 17 25 19 1 839 
06 19 22 16 1 1041 
07 19 22 16 1 3260 
08 19 22 16 1 3741 
09 19 22 16 1 2292 
10 19 22 16 1 1593 
11 19 22 16 1 1376 
12 19 22 16 1 1437 
13 19 22 16 1 1595 
14 19 22 16 1 1837 
15 19 22 16 1 2066 
16 19 22 16 1 2306 
17 19 22 16 1 3077 
18 19 22 16 1 2851 
19 19 22 16 1 1793 
20 19 22 16 1 1214 
21 19 22 16 1 966 
06 21 22 17 1 1322 
07 21 22 17 1 3347 
08 21 22 17 1 4032 
09 21 22 17 1 2418 
10 21 22 17 1 1940 
11 21 22 17 1 1508 
12 21 22 17 1 1305 
13 21 22 17 1 1483 
14 21 22 17 1 1662 
15 21 22 17 1 1933 
16 21 22 17 1 2147 
17 21 22 17 1 2949 
18 21 22 17 1 2925 
19 21 22 17 1 1439 
20 21 22 17 1 1020 
21 21 22 17 1 817 
06 21 23 17 1 1259 
07 21 23 17 1 3801 
08 21 23 17 1 3987 
09 21 23 17 1 2702 
10 21 23 17 1 1677 
11 21 23 17 1 1776 
12 21 23 17 1 1583 
13 21 23 17 1 1680 
14 21 23 17 1 1762 
15 21 23 17 1 1654 
16 21 23 17 1 2332 
17 21 23 17 1 3043 
18 21 23 17 1 2875 
19 21 23 17 1 1600 
20 21 23 17 1 991 
21 21 23 17 1 991 
06 22 20 16 1 1217 
07 22 20 16 1 3157 
08 22 20 16 1 3471 
09 22 20 16 1 2285 
10 22 20 16 1 1732 
11 22 20 16 1 1405 
12 22 20 16 1 1342 
13 22 20 16 1 1534 
14 22 20 16 1 1726 
15 22 20 16 1 2041 
16 22 20 16 1 2262 
17 22 20 16 1 2872 
18 22 20 16 1 3125 
19 22 20 16 1 1314 
20 22 20 16 1 1197 
21 22 20 16 1 1036 
06 15 20 16 1 1162 
07 15 20 16 1 3646 
08 15 20 16 1 4031 
09 15 20 16 1 2677 
10 15 20 16 1 1892 
11 15 20 16 1 1756 
12 15 20 16 1 1479 
13 15 20 16 1 1450 
14 15 20 16 1 1665 
15 15 20 16 1 1678 
16 15 20 16 1 1942 
17 15 20 16 1 2768 
18 15 20 16 1 2740 
19 15 20 16 1 1226 
20 15 20 16 1 992 
21 15 20 16 1 832 
06 3 23 16 1 1168 
07 3 23 16 1 3540 
08 3 23 16 1 3910 
09 3 23 16 1 2511 
10 3 23 16 1 2152 
11 3 23 16 1 1596 
12 3 23 16 1 1828 
13 3 23 16 1 1713 
14 3 23 16 1 2032 
15 3 23 16 1 2110 
16 3 23 16 1 2459 
17 3 23 16 1 3414 
18 3 23 16 1 3373 
19 3 23 16 1 2012 
20 3 23 16 1 1359 
21 3 23 16 1 1108 
06 10 23 14 1 1321 
07 10 23 14 1 4040 
08 10 23 14 1 4197 
09 10 23 14 1 2836 
10 10 23 14 1 2124 
11 10 23 14 1 1588 
12 10 23 14 1 1517 
13 10 23 14 1 1582 
14 10 23 14 1 1859 
15 10 23 14 1 1841 
16 10 23 14 1 2661 
17 10 23 14 1 3325 
18 10 23 14 1 3161 
19 10 23 14 1 1589 
20 10 23 14 1 1155 
21 10 23 14 1 916 
06 10 22 13 1 1196 
07 10 22 13 1 3858 
08 10 22 13 1 4201 
09 10 22 13 1 2636 
10 10 22 13 1 1880 
11 10 22 13 1 1855 
12 10 22 13 1 1383 
13 10 22 13 1 1883 
14 10 22 13 1 1776 
15 10 22 13 1 1946 
16 10 22 13 1 2380 
17 10 22 13 1 3282 
18 10 22 13 1 3199 
19 10 22 13 1 1518 
20 10 22 13 1 1255 
21 10 22 13 1 890 
06 10 23 14 1 1422 
07 10 23 14 1 3668 
08 10 23 14 1 4346 
09 10 23 14 1 2594 
10 10 23 14 1 1791 
11 10 23 14 1 1806 
12 10 23 14 1 1526 
13 10 23 14 1 1812 
14 10 23 14 1 1887 
15 10 23 14 1 1801 
16 10 23 14 1 2390 
17 10 23 14 1 2975 
18 10 23 14 1 3239 
19 10 23 14 1 1683 
20 10 23 14 1 1219 
21 10 23 14 1 1108 
06 10 24 15 1 1318 
07 10 24 15 1 3622 
08 10 24 15 1 4046 
09 10 24 15 1 2807 
10 10 24 15 1 1811 
11 10 24 15 1 1647 
12 10 24 15 1 1515 
13 10 24 15 1 1662 
14 10 24 15 1 1894 
15 10 24 15 1 2009 
16 10 24 15 1 2431 
17 10 24 15 1 3534 
18 10 24 15 1 2951 
19 10 24 15 1 1691 
20 10 24 15 1 1232 
21 10 24 15 1 1290 
06 10 26 15 1 1134 
07 10 26 15 1 3425 
08 10 26 15 1 4007 
09 10 26 15 1 2928 
10 10 26 15 1 2082 
11 10 26 15 1 1817 
12 10 26 15 1 1603 
13 10 26 15 1 1699 
14 10 26 15 1 2024 
15 10 26 15 1 2104 
16 10 26 15 1 2473 
17 10 26 15 1 3304 
18 10 26 15 1 3391 
19 10 26 15 1 1620 
20 10 26 15 1 1264 
21 10 26 15 1 1177 
06 11 28 18 1 1338 
07 11 28 18 1 4025 
08 11 28 18 1 4592 
09 11 28 18 1 2512 
10 11 28 18 1 2088 
11 11 28 18 1 1540 
12 11 28 18 1 1462 
13 11 28 18 1 1547 
14 11 28 18 1 1765 
15 11 28 18 1 1961 
16 11 28 18 1 2561 
17 11 28 18 1 3417 
18 11 28 18 1 3500 
19 11 28 18 1 1484 
20 11 28 18 1 1362 
21 11 28 18 1 1531 
06 3 27 16 1 1247 
07 3 27 16 1 3508 
08 3 27 16 1 4224 
09 3 27 16 1 2596 
10 3 27 16 1 2016 
11 3 27 16 1 1551 
12 3 27 16 1 1278 
13 3 27 16 1 1677 
14 3 27 16 1 1531 
15 3 27 16 1 1779 
16 3 27 16 1 2040 
17 3 27 16 1 3074 
18 3 27 16 1 3329 
19 3 27 16 1 1612 
20 3 27 16 1 1134 
21 3 27 16 1 1151 
06 17 25 18 1 1228 
07 17 25 18 1 3130 
08 17 25 18 1 3739 
09 17 25 18 1 2206 
10 17 25 18 1 1757 
11 17 25 18 1 1511 
12 17 25 18 1 1369 
13 17 25 18 1 1587 
14 17 25 18 1 1852 
15 17 25 18 1 1735 
16 17 25 18 1 2230 
17 17 25 18 1 2923 
18 17 25 18 1 2735 
19 17 25 18 1 1603 
20 17 25 18 1 1339 
21 17 25 18 1 1218 
06 15 25 20 1 1351 
07 15 25 20 1 3702 
08 15 25 20 1 4011 
09 15 25 20 1 2496 
10 15 25 20 1 1834 
11 15 25 20 1 1428 
12 15 25 20 1 1259 
13 15 25 20 1 1354 
14 15 25 20 1 1503 
15 15 25 20 1 1613 
16 15 25 20 1 2245 
17 15 25 20 1 2981 
18 15 25 20 1 2909 
19 15 25 20 1 1468 
20 15 25 20 1 1099 
21 15 25 20 1 1027 
06 17 26 21 1 1508 
07 17 26 21 1 3598 
08 17 26 21 1 3978 
09 17 26 21 1 2508 
10 17 26 21 1 1834 
11 17 26 21 1 1806 
12 17 26 21 1 1636 
13 17 26 21 1 1675 
14 17 26 21 1 1924 
15 17 26 21 1 1815 
16 17 26 21 1 2317 
17 17 26 21 1 3317 
18 17 26 21 1 2635 
19 17 26 21 1 1640 
20 17 26 21 1 1427 
21 17 26 21 1 1353 
06 22 16 11 10 1512 
07 22 16 11 10 3816 
08 22 16 11 10 4277 
09 22 16 11 10 2390 
10 22 16 11 10 1830 
11 22 16 11 10 1286 
12 22 16 11 10 1292 
13 22 16 11 10 1488 
14 22 16 11 10 1626 
15 22 16 11 10 1786 
16 22 16 11 10 2251 
17 22 16 11 10 3154 
18 22 16 11 10 2968 
19 22 16 11 10 1369 
20 22 16 11 10 1106 
21 22 16 11 10 879 
06 23 14 11 1 1143 
07 23 14 11 1 3634 
08 23 14 11 1 3954 
09 23 14 11 1 2326 
10 23 14 11 1 1775 
11 23 14 11 1 1639 
12 23 14 11 1 1558 
13 23 14 11 1 1713 
14 23 14 11 1 1753 
15 23 14 11 1 1931 
16 23 14 11 1 2078 
17 23 14 11 1 3228 
18 23 14 11 1 2601 
19 23 14 11 1 1179 
20 23 14 11 1 994 
21 23 14 11 1 1136 
06 24 15 9 6 1057 
07 24 15 9 6 3226 
08 24 15 9 6 3908 
09 24 15 9 6 2249 
10 24 15 9 6 1667 
11 24 15 9 6 1507 
12 24 15 9 6 1291 
13 24 15 9 6 1543 
14 24 15 9 6 1739 
15 24 15 9 6 1833 
16 24 15 9 6 2118 
17 24 15 9 6 3107 
18 24 15 9 6 2941 
19 24 15 9 6 1467 
20 24 15 9 6 1105 
21 24 15 9 6 785 
06 25 13 9 11 1009 
07 25 13 9 11 3040 
08 25 13 9 11 3678 
09 25 13 9 11 2338 
10 25 13 9 11 1965 
11 25 13 9 11 1474 
12 25 13 9 11 1483 
13 25 13 9 11 1570 
14 25 13 9 11 1639 
15 25 13 9 11 1998 
16 25 13 9 11 2047 
17 25 13 9 11 2798 
18 25 13 9 11 2922 
19 25 13 9 11 1290 
20 25 13 9 11 1016 
21 25 13 9 11 704 
06 3 17 8 1 1269 
07 3 17 8 1 3262 
08 3 17 8 1 3978 
09 3 17 8 1 2200 
10 3 17 8 1 2013 
11 3 17 8 1 1801 
12 3 17 8 1 1720 
13 3 17 8 1 1989 
14 3 17 8 1 1862 
15 3 17 8 1 2155 
16 3 17 8 1 2614 
17 3 17 8 1 3258 
18 3 17 8 1 3310 
19 3 17 8 1 1763 
20 3 17 8 1 1315 
21 3 17 8 1 1287 
06 25 17 11 1 996 
07 25 17 11 1 3427 
08 25 17 11 1 3677 
09 25 17 11 1 2267 
10 25 17 11 1 1825 
11 25 17 11 1 1564 
12 25 17 11 1 1457 
13 25 17 11 1 1349 
14 25 17 11 1 1785 
15 25 17 11 1 1668 
16 25 17 11 1 2067 
17 25 17 11 1 2956 
18 25 17 11 1 2911 
19 25 17 11 1 1365 
20 25 17 11 1 1286 
21 25 17 11 1 1048 
06 3 20 14 1 1050 
07 3 20 14 1 3087 
08 3 20 14 1 3932 
09 3 20 14 1 2685 
10 3 20 14 1 2028 
11 3 20 14 1 1914 
12 3 20 14 1 1299 
13 3 20 14 1 1597 
14 3 20 14 1 1891 
15 3 20 14 1 1835 
16 3 20 14 1 2123 
17 3 20 14 1 3229 
18 3 20 14 1 3319 
19 3 20 14 1 1523 
20 3 20 14 1 1420 
21 3 20 14 1 1046 
06 16 20 12 1 1171 
07 16 20 12 1 3639 
08 16 20 12 1 4227 
09 16 20 12 1 2504 
10 16 20 12 1 1979 
11 16 20 12 1 1850 
12 16 20 12 1 1420 
13 16 20 12 1 1892 
14 16 20 12 1 2106 
15 16 20 12 1 2131 
16 16 20 12 1 2384 
17 16 20 12 1 3457 
18 16 20 12 1 2954 
19 16 20 12 1 1730 
20 16 20 12 1 1260 
21 16 20 12 1 1087 
06 25 15 11 8 1034 
07 25 15 11 8 3400 
08 25 15 11 8 3719 
09 25 15 11 8 2606 
10 25 15 11 8 1909 
11 25 15 11 8 1594 
12 25 15 11 8 1471 
13 25 15 11 8 1821 
14 25 15 11 8 1917 
15 25 15 11 8 2059 
16 25 15 11 8 2674 
17 25 15 11 8 3361 
18 25 15 11 8 2867 
19 25 15 11 8 1669 
20 25 15 11 8 1284 
21 25 15 11 8 1056 
06 3 15 8 7 1048 
07 3 15 8 7 3556 
08 3 15 8 7 3911 
09 3 15 8 7 2719 
10 3 15 8 7 1975 
11 3 15 8 7 1631 
12 3 15 8 7 1574 
13 3 15 8 7 1738 
14 3 15 8 7 1939 
15 3 15 8 7 2180 
16 3 15 8 7 2315 
17 3 15 8 7 3082 
18 3 15 8 7 3139 
19 3 15 8 7 1556 
20 3 15 8 7 1130 
21 3 15 8 7 1139 
06 3 21 11 12 1074 
07 3 21 11 12 3854 
08 3 21 11 12 4104 
09 3 21 11 12 2508 
10 3 21 11 12 2122 
11 3 21 11 12 1926 
12 3 21 11 12 1601 
13 3 21 11 12 1944 
14 3 21 11 12 1629 
15 3 21 11 12 1988 
16 3 21 11 12 2120 
17 3 21 11 12 3185 
18 3 21 11 12 2880 
19 3 21 11 12 1429 
20 3 21 11 12 1155 
21 3 21 11 12 1056 
06 3 16 6 13 1178 
07 3 16 6 13 3237 
08 3 16 6 13 3947 
09 3 16 6 13 2628 
10 3 16 6 13 1876 
11 3 16 6 13 1669 
12 3 16 6 13 1507 
13 3 16 6 13 1673 
14 3 16 6 13 1794 
15 3 16 6 13 1770 
16 3 16 6 13 2328 
17 3 16 6 13 3086 
18 3 16 6 13 2474 
19 3 16 6 13 1459 
20 3 16 6 13 1092 
21 3 16 6 13 1008 
06 10 15 5 7 1050 
07 10 15 5 7 3482 
08 10 15 5 7 3945 
09 10 15 5 7 2690 
10 10 15 5 7 2101 
11 10 15 5 7 1725 
12 10 15 5 7 1631 
13 10 15 5 7 1700 
14 10 15 5 7 2197 
15 10 15 5 7 1937 
16 10 15 5 7 2425 
17 10 15 5 7 3509 
18 10 15 5 7 3378 
19 10 15 5 7 1717 
20 10 15 5 7 1299 
21 10 15 5 7 1088 
06 26 17 9 1 1250 
07 26 17 9 1 3635 
08 26 17 9 1 3981 
09 26 17 9 1 2658 
10 26 17 9 1 1935 
11 26 17 9 1 1575 
12 26 17 9 1 1426 
13 26 17 9 1 1621 
14 26 17 9 1 1765 
15 26 17 9 1 1885 
16 26 17 9 1 2111 
17 26 17 9 1 3180 
18 26 17 9 1 2902 
19 26 17 9 1 1704 
20 26 17 9 1 1257 
21 26 17 9 1 1185 
06 25 14 7 1 1069 
07 25 14 7 1 3288 
08 25 14 7 1 4068 
09 25 14 7 1 2530 
10 25 14 7 1 1834 
11 25 14 7 1 1709 
12 25 14 7 1 1553 
13 25 14 7 1 1870 
14 25 14 7 1 2107 
15 25 14 7 1 2217 
16 25 14 7 1 2668 
17 25 14 7 1 3321 
18 25 14 7 1 2801 
19 25 14 7 1 1778 
20 25 14 7 1 1412 
21 25 14 7 1 1130 
06 11 16 8 1 1373 
07 11 16 8 1 3392 
08 11 16 8 1 3557 
09 11 16 8 1 2347 
10 11 16 8 1 1749 
11 11 16 8 1 1629 
12 11 16 8 1 1435 
13 11 16 8 1 1838 
14 11 16 8 1 2047 
15 11 16 8 1 2209 
16 11 16 8 1 3321 
17 11 16 8 1 3973 
18 11 16 8 1 2708 
19 11 16 8 1 1553 
20 11 16 8 1 1344 
21 11 16 8 1 1094 
06 17 17 11 1 1102 
07 17 17 11 1 3559 
08 17 17 11 1 3863 
09 17 17 11 1 2853 
10 17 17 11 1 1882 
11 17 17 11 1 1957 
12 17 17 11 1 1620 
13 17 17 11 1 2004 
14 17 17 11 1 1893 
15 17 17 11 1 2120 
16 17 17 11 1 2580 
17 17 17 11 1 3400 
18 17 17 11 1 3141 
19 17 17 11 1 1584 
20 17 17 11 1 1111 
21 17 17 11 1 1053 
06 15 20 13 1 1107 
07 15 20 13 1 3432 
08 15 20 13 1 4116 
09 15 20 13 1 2898 
10 15 20 13 1 2027 
11 15 20 13 1 1670 
12 15 20 13 1 1575 
13 15 20 13 1 1745 
14 15 20 13 1 1834 
15 15 20 13 1 2110 
16 15 20 13 1 2375 
17 15 20 13 1 3271 
18 15 20 13 1 3230 
19 15 20 13 1 1640 
20 15 20 13 1 1302 
21 15 20 13 1 864 
06 23 18 13 1 979 
07 23 18 13 1 3293 
08 23 18 13 1 3908 
09 23 18 13 1 2379 
10 23 18 13 1 1918 
11 23 18 13 1 1623 
12 23 18 13 1 1402 
13 23 18 13 1 1700 
14 23 18 13 1 2149 
15 23 18 13 1 2181 
16 23 18 13 1 2569 
17 23 18 13 1 3324 
18 23 18 13 1 3054 
19 23 18 13 1 1589 
20 23 18 13 1 1480 
21 23 18 13 1 1212 
06 23 17 12 1 1180 
07 23 17 12 1 3276 
08 23 17 12 1 3960 
09 23 17 12 1 2648 
10 23 17 12 1 2172 
11 23 17 12 1 1986 
12 23 17 12 1 1613 
13 23 17 12 1 2054 
14 23 17 12 1 1931 
15 23 17 12 1 2231 
16 23 17 12 1 2367 
17 23 17 12 1 3371 
18 23 17 12 1 2871 
19 23 17 12 1 1689 
20 23 17 12 1 1338 
21 23 17 12 1 1174 
06 10 18 4 1 1171 
07 10 18 4 1 3500 
08 10 18 4 1 3878 
09 10 18 4 1 2760 
10 10 18 4 1 1940 
11 10 18 4 1 1758 
12 10 18 4 1 1710 
13 10 18 4 1 1925 
14 10 18 4 1 2182 
15 10 18 4 1 2040 
16 10 18 4 1 2547 
17 10 18 4 1 2896 
18 10 18 4 1 3192 
19 10 18 4 1 1570 
20 10 18 4 1 1131 
21 10 18 4 1 924 
06 10 19 6 1 933 
07 10 19 6 1 3276 
08 10 19 6 1 3898 
09 10 19 6 1 2460 
10 10 19 6 1 1840 
11 10 19 6 1 1531 
12 10 19 6 1 1520 
13 10 19 6 1 1493 
14 10 19 6 1 1786 
15 10 19 6 1 2083 
16 10 19 6 1 2507 
17 10 19 6 1 3343 
18 10 19 6 1 2961 
19 10 19 6 1 1655 
20 10 19 6 1 1347 
21 10 19 6 1 958 
06 10 22 8 6 1148 
07 10 22 8 6 3326 
08 10 22 8 6 4015 
09 10 22 8 6 2779 
10 10 22 8 6 2328 
11 10 22 8 6 2203 
12 10 22 8 6 1889 
13 10 22 8 6 2053 
14 10 22 8 6 2302 
15 10 22 8 6 2336 
16 10 22 8 6 2802 
17 10 22 8 6 3598 
18 10 22 8 6 2996 
19 10 22 8 6 1759 
20 10 22 8 6 1553 
21 10 22 8 6 1519 
