06 2 35 26 1 1351
07 2 35 26 1 2440
08 2 35 26 1 3662
09 2 35 26 1 3455
10 2 35 26 1 2997
11 2 35 26 1 2584
12 2 35 26 1 2219
13 2 35 26 1 2245
14 2 35 26 1 2404
15 2 35 26 1 2335
16 2 35 26 1 2317
17 2 35 26 1 2842
18 2 35 26 1 2196
19 2 35 26 1 1741
20 2 35 26 1 2019
21 2 35 26 1 1960
06 2 35 25 1 1029
07 2 35 25 1 2006
08 2 35 25 1 2874
09 2 35 25 1 3107
10 2 35 25 1 2799
11 2 35 25 1 2301
12 2 35 25 1 1893
13 2 35 25 1 2317
14 2 35 25 1 2480
15 2 35 25 1 2230
16 2 35 25 1 2358
17 2 35 25 1 2608
18 2 35 25 1 2463
19 2 35 25 1 2121
20 2 35 25 1 2003
21 2 35 25 1 1810
06 2 34 25 1 1156
07 2 34 25 1 2504
08 2 34 25 1 3688
09 2 34 25 1 3419
10 2 34 25 1 2837
11 2 34 25 1 2287
12 2 34 25 1 2187
13 2 34 25 1 2283
14 2 34 25 1 2232
15 2 34 25 1 1856
16 2 34 25 1 2042
17 2 34 25 1 2805
18 2 34 25 1 2872
19 2 34 25 1 1993
20 2 34 25 1 1451
21 2 34 25 1 1256
06 2 33 26 1 1026
07 2 33 26 1 2141
08 2 33 26 1 2907
09 2 33 26 1 3362
10 2 33 26 1 2948
11 2 33 26 1 2597
12 2 33 26 1 2046
13 2 33 26 1 2472
14 2 33 26 1 2461
15 2 33 26 1 2332
16 2 33 26 1 2524
17 2 33 26 1 2718
18 2 33 26 1 2100
19 2 33 26 1 2060
20 2 33 26 1 1664
21 2 33 26 1 1431
06 3 34 25 1 1308
07 3 34 25 1 2957
08 3 34 25 1 4090
09 3 34 25 1 3761
10 3 34 25 1 3197
11 3 34 25 1 2614
12 3 34 25 1 2190
13 3 34 25 1 2666
14 3 34 25 1 2680
15 3 34 25 1 2510
16 3 34 25 1 2471
17 3 34 25 1 2858
18 3 34 25 1 2941
19 3 34 25 1 2052
20 3 34 25 1 1898
21 3 34 25 1 1782
06 3 34 25 1 1054
07 3 34 25 1 2214
08 3 34 25 1 3314
09 3 34 25 1 3381
10 3 34 25 1 2877
11 3 34 25 1 2565
12 3 34 25 1 2087
13 3 34 25 1 2622
14 3 34 25 1 2759
15 3 34 25 1 2409
16 3 34 25 1 2496
17 3 34 25 1 2901
18 3 34 25 1 2649
19 3 34 25 1 2283
20 3 34 25 1 2149
21 3 34 25 1 1677
06 3 33 25 1 1183
07 3 33 25 1 2875
08 3 33 25 1 3736
09 3 33 25 1 3376
10 3 33 25 1 2962
11 3 33 25 1 2480
12 3 33 25 1 1904
13 3 33 25 1 2539
14 3 33 25 1 2571
15 3 33 25 1 2401
16 3 33 25 1 2453
17 3 33 25 1 2887
18 3 33 25 1 2913
19 3 33 25 1 1918
20 3 33 25 1 1857
21 3 33 25 1 1638
06 9 35 25 1 1248
07 9 35 25 1 2346
08 9 35 25 1 3302
09 9 35 25 1 3525
10 9 35 25 1 3431
11 9 35 25 1 2792
12 9 35 25 1 2086
13 9 35 25 1 2570
14 9 35 25 1 2758
15 9 35 25 1 2340
16 9 35 25 1 2394
17 9 35 25 1 2612
18 9 35 25 1 2273
19 9 35 25 1 1948
20 9 35 25 1 1959
21 9 35 25 1 1679
06 10 35 25 1 1530
07 10 35 25 1 2893
08 10 35 25 1 4652
09 10 35 25 1 4089
10 10 35 25 1 3227
11 10 35 25 1 2833
12 10 35 25 1 2384
13 10 35 25 1 2464
14 10 35 25 1 2726
15 10 35 25 1 2349
16 10 35 25 1 2169
17 10 35 25 1 2956
18 10 35 25 1 2908
19 10 35 25 1 1882
20 10 35 25 1 1889
21 10 35 25 1 2042
06 3 34 25 1 1581
07 3 34 25 1 2620
08 3 34 25 1 3405
09 3 34 25 1 3776
10 3 34 25 1 3189
11 3 34 25 1 2888
12 3 34 25 1 2311
13 3 34 25 1 2306
14 3 34 25 1 2505
15 3 34 25 1 2530
16 3 34 25 1 2547
17 3 34 25 1 2669
18 3 34 25 1 2363
19 3 34 25 1 2093
20 3 34 25 1 1738
21 3 34 25 1 1501
06 12 33 25 1 1285
07 12 33 25 1 2947
08 12 33 25 1 4060
09 12 33 25 1 3685
10 12 33 25 1 3215
11 12 33 25 1 2628
12 12 33 25 1 2418
13 12 33 25 1 2451
14 12 33 25 1 2423
15 12 33 25 1 2635
16 12 33 25 1 2622
17 12 33 25 1 3416
18 12 33 25 1 3004
19 12 33 25 1 2459
20 12 33 25 1 2062
21 12 33 25 1 2133
06 11 35 25 1 1248
07 11 35 25 1 2657
08 11 35 25 1 3515
09 11 35 25 1 3520
10 11 35 25 1 3204
11 11 35 25 1 2710
12 11 35 25 1 2454
13 11 35 25 1 2713
14 11 35 25 1 2847
15 11 35 25 1 2708
16 11 35 25 1 2570
17 11 35 25 1 2956
18 11 35 25 1 2726
19 11 35 25 1 2374
20 11 35 25 1 2264
21 11 35 25 1 1631
06 9 32 23 4 1169
07 9 32 23 4 3074
08 9 32 23 4 4504
09 9 32 23 4 3966
10 9 32 23 4 3194
11 9 32 23 4 2872
12 9 32 23 4 2584
13 9 32 23 4 2818
14 9 32 23 4 2368
15 9 32 23 4 2685
16 9 32 23 4 2730
17 9 32 23 4 3177
18 9 32 23 4 2945
19 9 32 23 4 2337
20 9 32 23 4 1814
21 9 32 23 4 1874
06 15 29 24 5 859
07 15 29 24 5 2301
08 15 29 24 5 3240
09 15 29 24 5 3513
10 15 29 24 5 3181
11 15 29 24 5 2531
12 15 29 24 5 2329
13 15 29 24 5 2617
14 15 29 24 5 2845
15 15 29 24 5 2529
16 15 29 24 5 2789
17 15 29 24 5 2918
18 15 29 24 5 2638
19 15 29 24 5 2094
20 15 29 24 5 2041
21 15 29 24 5 1680
06 3 33 24 1 1071
07 3 33 24 1 2767
08 3 33 24 1 3953
09 3 33 24 1 3496
10 3 33 24 1 3067
11 3 33 24 1 2472
12 3 33 24 1 2398
13 3 33 24 1 2414
14 3 33 24 1 2297
15 3 33 24 1 2122
16 3 33 24 1 2162
17 3 33 24 1 2719
18 3 33 24 1 2550
19 3 33 24 1 1773
20 3 33 24 1 1659
21 3 33 24 1 1487
06 10 30 19 6 861
07 10 30 19 6 2182
08 10 30 19 6 3232
09 10 30 19 6 3522
10 10 30 19 6 3432
11 10 30 19 6 2897
12 10 30 19 6 2436
13 10 30 19 6 2610
14 10 30 19 6 2751
15 10 30 19 6 2545
16 10 30 19 6 2758
17 10 30 19 6 2810
18 10 30 19 6 2673
19 10 30 19 6 1917
20 10 30 19 6 1724
21 10 30 19 6 1336
06 10 30 19 1 1135
07 10 30 19 1 2661
08 10 30 19 1 4235
09 10 30 19 1 4179
10 10 30 19 1 3340
11 10 30 19 1 3025
12 10 30 19 1 2993
13 10 30 19 1 2781
14 10 30 19 1 2746
15 10 30 19 1 2499
16 10 30 19 1 2607
17 10 30 19 1 2970
18 10 30 19 1 2572
19 10 30 19 1 1987
20 10 30 19 1 1813
21 10 30 19 1 1760
06 10 30 20 1 900
07 10 30 20 1 2097
08 10 30 20 1 3358
09 10 30 20 1 3679
10 10 30 20 1 3255
11 10 30 20 1 2866
12 10 30 20 1 2214
13 10 30 20 1 2500
14 10 30 20 1 2812
15 10 30 20 1 2705
16 10 30 20 1 2456
17 10 30 20 1 3159
18 10 30 20 1 2538
19 10 30 20 1 1902
20 10 30 20 1 1984
21 10 30 20 1 1661
06 17 29 21 1 1077
07 17 29 21 1 2847
08 17 29 21 1 4167
09 17 29 21 1 3913
10 17 29 21 1 3213
11 17 29 21 1 2963
12 17 29 21 1 2534
13 17 29 21 1 2975
14 17 29 21 1 2896
15 17 29 21 1 2397
16 17 29 21 1 2993
17 17 29 21 1 2973
18 17 29 21 1 2350
19 17 29 21 1 1964
20 17 29 21 1 1643
21 17 29 21 1 1585
06 3 29 22 1 779
07 3 29 22 1 2095
08 3 29 22 1 3298
09 3 29 22 1 3490
10 3 29 22 1 3184
11 3 29 22 1 2814
12 3 29 22 1 2437
13 3 29 22 1 3012
14 3 29 22 1 3000
15 3 29 22 1 2742
16 3 29 22 1 2521
17 3 29 22 1 3166
18 3 29 22 1 2513
19 3 29 22 1 2067
20 3 29 22 1 1797
21 3 29 22 1 1535
06 11 31 20 1 1098
07 11 31 20 1 2700
08 11 31 20 1 4380
09 11 31 20 1 4041
10 11 31 20 1 3447
11 11 31 20 1 3095
12 11 31 20 1 2627
13 11 31 20 1 2939
14 11 31 20 1 2983
15 11 31 20 1 2739
16 11 31 20 1 2944
17 11 31 20 1 3166
18 11 31 20 1 2821
19 11 31 20 1 2137
20 11 31 20 1 1887
21 11 31 20 1 1426
06 16 26 18 8 938
07 16 26 18 8 2186
08 16 26 18 8 3104
09 16 26 18 8 3458
10 16 26 18 8 3122
11 16 26 18 8 2894
12 16 26 18 8 2493
13 16 26 18 8 2871
14 16 26 18 8 2905
15 16 26 18 8 2740
16 16 26 18 8 2942
17 16 26 18 8 3003
18 16 26 18 8 2863
19 16 26 18 8 1847
20 16 26 18 8 1645
21 16 26 18 8 1342
06 20 19 17 1 705
07 20 19 17 1 2046
08 20 19 17 1 3023
09 20 19 17 1 3019
10 20 19 17 1 2739
11 20 19 17 1 2403
12 20 19 17 1 2426
13 20 19 17 1 2495
14 20 19 17 1 2762
15 20 19 17 1 2406
16 20 19 17 1 2724
17 20 19 17 1 3052
18 20 19 17 1 2525
19 20 19 17 1 1885
20 20 19 17 1 1656
21 20 19 17 1 1463
06 16 22 18 1 757
07 16 22 18 1 1982
08 16 22 18 1 2861
09 16 22 18 1 3268
10 16 22 18 1 3159
11 16 22 18 1 2734
12 16 22 18 1 2604
13 16 22 18 1 2700
14 16 22 18 1 3094
15 16 22 18 1 2846
16 16 22 18 1 3035
17 16 22 18 1 3228
18 16 22 18 1 2465
19 16 22 18 1 2082
20 16 22 18 1 1707
21 16 22 18 1 1377
06 3 24 17 1 895
07 3 24 17 1 2780
08 3 24 17 1 4197
09 3 24 17 1 4113
10 3 24 17 1 3624
11 3 24 17 1 2987
12 3 24 17 1 2739
13 3 24 17 1 2918
14 3 24 17 1 3221
15 3 24 17 1 2780
16 3 24 17 1 2643
17 3 24 17 1 3362
18 3 24 17 1 2913
19 3 24 17 1 2030
20 3 24 17 1 1819
21 3 24 17 1 1585
06 9 25 15 1 790
07 9 25 15 1 2088
08 9 25 15 1 3100
09 9 25 15 1 3611
10 9 25 15 1 3104
11 9 25 15 1 2875
12 9 25 15 1 2545
13 9 25 15 1 2957
14 9 25 15 1 3251
15 9 25 15 1 2882
16 9 25 15 1 2984
17 9 25 15 1 3144
18 9 25 15 1 2373
19 9 25 15 1 1988
20 9 25 15 1 2096
21 9 25 15 1 1640
06 10 26 17 1 985
07 10 26 17 1 2571
08 10 26 17 1 4010
09 10 26 17 1 3992
10 10 26 17 1 4003
11 10 26 17 1 2968
12 10 26 17 1 2978
13 10 26 17 1 3235
14 10 26 17 1 3354
15 10 26 17 1 2933
16 10 26 17 1 3069
17 10 26 17 1 3424
18 10 26 17 1 3283
19 10 26 17 1 1926
20 10 26 17 1 2095
21 10 26 17 1 1813
06 10 28 17 1 844
07 10 28 17 1 2116
08 10 28 17 1 3210
09 10 28 17 1 4024
10 10 28 17 1 3346
11 10 28 17 1 3013
12 10 28 17 1 2494
13 10 28 17 1 3040
14 10 28 17 1 3261
15 10 28 17 1 2941
16 10 28 17 1 3188
17 10 28 17 1 3344
18 10 28 17 1 2862
19 10 28 17 1 1917
20 10 28 17 1 2068
21 10 28 17 1 1565
06 16 26 20 1 833
07 16 26 20 1 2396
08 16 26 20 1 4204
09 16 26 20 1 4353
10 16 26 20 1 3419
11 16 26 20 1 3127
12 16 26 20 1 2581
13 16 26 20 1 2951
14 16 26 20 1 2935
15 16 26 20 1 2842
16 16 26 20 1 2777
17 16 26 20 1 3638
18 16 26 20 1 2626
19 16 26 20 1 2015
20 16 26 20 1 1845
21 16 26 20 1 1839
06 23 28 15 9 965
07 23 28 15 9 2122
08 23 28 15 9 3607
09 23 28 15 9 3938
10 23 28 15 9 3840
11 23 28 15 9 2923
12 23 28 15 9 2902
13 23 28 15 9 3014
14 23 28 15 9 2897
15 23 28 15 9 2830
16 23 28 15 9 2857
17 23 28 15 9 2972
18 23 28 15 9 2505
19 23 28 15 9 1804
20 23 28 15 9 1957
21 23 28 15 9 1463
06 3 19 12 1 709
07 3 19 12 1 2317
08 3 19 12 1 3860
09 3 19 12 1 3933
10 3 19 12 1 3506
11 3 19 12 1 2957
12 3 19 12 1 2832
13 3 19 12 1 3134
14 3 19 12 1 3497
15 3 19 12 1 3081
16 3 19 12 1 2899
17 3 19 12 1 3655
18 3 19 12 1 3196
19 3 19 12 1 1951
20 3 19 12 1 1987
21 3 19 12 1 1625
06 23 17 11 1 665
07 23 17 11 1 1673
08 23 17 11 1 2750
09 23 17 11 1 2888
10 23 17 11 1 2676
11 23 17 11 1 2358
12 23 17 11 1 2163
13 23 17 11 1 2448
14 23 17 11 1 2693
15 23 17 11 1 2180
16 23 17 11 1 2407
17 23 17 11 1 2722
18 23 17 11 1 2311
19 23 17 11 1 1496
20 23 17 11 1 1611
21 23 17 11 1 1215
06 3 16 8 1 789
07 3 16 8 1 2567
08 3 16 8 1 3747
09 3 16 8 1 4192
10 3 16 8 1 3451
11 3 16 8 1 2862
12 3 16 8 1 2760
13 3 16 8 1 2965
14 3 16 8 1 2972
15 3 16 8 1 2785
16 3 16 8 1 3097
17 3 16 8 1 3082
18 3 16 8 1 2963
19 3 16 8 1 1979
20 3 16 8 1 1761
21 3 16 8 1 1537
06 3 18 13 1 680
07 3 18 13 1 1804
08 3 18 13 1 3101
09 3 18 13 1 3649
10 3 18 13 1 3279
11 3 18 13 1 3082
12 3 18 13 1 2618
13 3 18 13 1 3269
14 3 18 13 1 3562
15 3 18 13 1 2829
16 3 18 13 1 3136
17 3 18 13 1 3063
18 3 18 13 1 2725
19 3 18 13 1 2016
20 3 18 13 1 1923
21 3 18 13 1 1433
06 10 18 5 1 721
07 10 18 5 1 2544
08 10 18 5 1 3712
09 10 18 5 1 3937
10 10 18 5 1 3400
11 10 18 5 1 3331
12 10 18 5 1 2969
13 10 18 5 1 3094
14 10 18 5 1 3434
15 10 18 5 1 2702
16 10 18 5 1 2760
17 10 18 5 1 3227
18 10 18 5 1 2741
19 10 18 5 1 1986
20 10 18 5 1 1698
21 10 18 5 1 1660
06 10 18 5 8 640
07 10 18 5 8 1775
08 10 18 5 8 3366
09 10 18 5 8 3722
10 10 18 5 8 3596
11 10 18 5 8 3404
12 10 18 5 8 2944
13 10 18 5 8 3542
14 10 18 5 8 3704
15 10 18 5 8 3011
16 10 18 5 8 3109
17 10 18 5 8 2994
18 10 18 5 8 2747
19 10 18 5 8 1896
20 10 18 5 8 1763
21 10 18 5 8 1482
06 23 18 9 1 766
07 23 18 9 1 2237
08 23 18 9 1 3138
09 23 18 9 1 3111
10 23 18 9 1 2746
11 23 18 9 1 2343
12 23 18 9 1 2145
13 23 18 9 1 2414
14 23 18 9 1 2223
15 23 18 9 1 2124
16 23 18 9 1 2226
17 23 18 9 1 2813
18 23 18 9 1 2564
19 23 18 9 1 1464
20 23 18 9 1 1508
21 23 18 9 1 1256
06 9 17 7 7 570
07 9 17 7 7 1799
08 9 17 7 7 2801
09 9 17 7 7 3260
10 9 17 7 7 3264
11 9 17 7 7 2967
12 9 17 7 7 2582
13 9 17 7 7 2932
14 9 17 7 7 3144
15 9 17 7 7 2606
16 9 17 7 7 2755
17 9 17 7 7 3370
18 9 17 7 7 2593
19 9 17 7 7 2017
20 9 17 7 7 1952
21 9 17 7 7 1391
06 3 34 25 1 1271
07 3 34 25 1 2501
08 3 34 25 1 3642
09 3 34 25 1 3917
10 3 34 25 1 3240
11 3 34 25 1 2861
12 3 34 25 1 2402
13 3 34 25 1 2414
14 3 34 25 1 3039
15 3 34 25 1 2521
16 3 34 25 1 2525
17 3 34 25 1 3246
18 3 34 25 1 2977
19 3 34 25 1 2272
20 3 34 25 1 2039
21 3 34 25 1 2003
06 11 34 25 1 1169
07 11 34 25 1 2349
08 11 34 25 1 3520
09 11 34 25 1 3929
10 11 34 25 1 3463
11 11 34 25 1 2627
12 11 34 25 1 2139
13 11 34 25 1 2589
14 11 34 25 1 2707
15 11 34 25 1 2404
16 11 34 25 1 2800
17 11 34 25 1 2777
18 11 34 25 1 2388
19 11 34 25 1 2024
20 11 34 25 1 2084
21 11 34 25 1 1953
06 4 33 25 1 1099
07 4 33 25 1 1732
08 4 33 25 1 2487
09 4 33 25 1 2819
10 4 33 25 1 2837
11 4 33 25 1 2080
12 4 33 25 1 1760
13 4 33 25 1 2124
14 4 33 25 1 2695
15 4 33 25 1 2497
16 4 33 25 1 2968
17 4 33 25 1 2900
18 4 33 25 1 2101
19 4 33 25 1 2460
20 4 33 25 1 2480
21 4 33 25 1 2555