06 1 36 26 1 1639
07 1 36 26 1 4108
08 1 36 26 1 5189
09 1 36 26 1 3799
10 1 36 26 1 2872
11 1 36 26 1 2216
12 1 36 26 1 1722
13 1 36 26 1 1899
14 1 36 26 1 2070
15 1 36 26 1 2272
16 1 36 26 1 2434
17 1 36 26 1 3842
18 1 36 26 1 3954
19 1 36 26 1 2430
20 1 36 26 1 2156
21 1 36 26 1 1956
06 3 34 26 1 1730
07 3 34 26 1 4648
08 3 34 26 1 5646
09 3 34 26 1 3837
10 3 34 26 1 2941
11 3 34 26 1 2346
12 3 34 26 1 1903
13 3 34 26 1 1945
14 3 34 26 1 2186
15 3 34 26 1 2293
16 3 34 26 1 2323
17 3 34 26 1 3943
18 3 34 26 1 4230
19 3 34 26 1 2477
20 3 34 26 1 1720
21 3 34 26 1 1593
06 4 34 26 1 1548
07 4 34 26 1 4439
08 4 34 26 1 5772
09 4 34 26 1 3817
10 4 34 26 1 2838
11 4 34 26 1 2222
12 4 34 26 1 1479
13 4 34 26 1 2044
14 4 34 26 1 2261
15 4 34 26 1 2009
16 4 34 26 1 2405
17 4 34 26 1 3768
18 4 34 26 1 4059
19 4 34 26 1 2538
20 4 34 26 1 1420
21 4 34 26 1 1360
06 2 34 26 1 1297
07 2 34 26 1 4145
08 2 34 26 1 5143
09 2 34 26 1 3766
10 2 34 26 1 2749
11 2 34 26 1 2022
12 2 34 26 1 1703
13 2 34 26 1 1966
14 2 34 26 1 2145
15 2 34 26 1 2098
16 2 34 26 1 2281
17 2 34 26 1 3494
18 2 34 26 1 3841
19 2 34 26 1 2356
20 2 34 26 1 1438
21 2 34 26 1 1282
06 2 32 26 1 1373
07 2 32 26 1 3986
08 2 32 26 1 4977
09 2 32 26 1 3705
10 2 32 26 1 2874
11 2 32 26 1 1882
12 2 32 26 1 1731
13 2 32 26 1 1827
14 2 32 26 1 1477
15 2 32 26 1 1987
16 2 32 26 1 2170
17 2 32 26 1 3417
18 2 32 26 1 3725
19 2 32 26 1 2002
20 2 32 26 1 1577
21 2 32 26 1 1419
06 2 34 25 1 1576
07 2 34 25 1 4513
08 2 34 25 1 5096
09 2 34 25 1 3750
10 2 34 25 1 3023
11 2 34 25 1 2316
12 2 34 25 1 1920
13 2 34 25 1 2329
14 2 34 25 1 2310
15 2 34 25 1 2189
16 2 34 25 1 2569
17 2 34 25 1 3629
18 2 34 25 1 3963
19 2 34 25 1 2588
20 2 34 25 1 1911
21 2 34 25 1 1758
06 6 31 25 1 1500
07 6 31 25 1 4137
08 6 31 25 1 5576
09 6 31 25 1 3797
10 6 31 25 1 2944
11 6 31 25 1 2613
12 6 31 25 1 1704
13 6 31 25 1 2176
14 6 31 25 1 2410
15 6 31 25 1 2425
16 6 31 25 1 2819
17 6 31 25 1 3723
18 6 31 25 1 4505
19 6 31 25 1 2469
20 6 31 25 1 1817
21 6 31 25 1 1669
06 8 32 24 1 1764
07 8 32 24 1 4484
08 8 32 24 1 5686
09 8 32 24 1 4050
10 8 32 24 1 2862
11 8 32 24 1 2295
12 8 32 24 1 1875
13 8 32 24 1 1710
14 8 32 24 1 1756
15 8 32 24 1 2299
16 8 32 24 1 2452
17 8 32 24 1 2832
18 8 32 24 1 3849
19 8 32 24 1 2172
20 8 32 24 1 1896
21 8 32 24 1 1796
06 6 30 25 1 1303
07 6 30 25 1 3110
08 6 30 25 1 4422
09 6 30 25 1 3143
10 6 30 25 1 1977
11 6 30 25 1 1663
12 6 30 25 1 1145
13 6 30 25 1 1703
14 6 30 25 1 1558
15 6 30 25 1 1709
16 6 30 25 1 1866
17 6 30 25 1 3019
18 6 30 25 1 3100
19 6 30 25 1 1876
20 6 30 25 1 1421
21 6 30 25 1 1212
06 2 31 25 1 1495
07 2 31 25 1 3572
08 2 31 25 1 5226
09 2 31 25 1 3826
10 2 31 25 1 2973
11 2 31 25 1 2013
12 2 31 25 1 1868
13 2 31 25 1 2113
14 2 31 25 1 2204
15 2 31 25 1 2138
16 2 31 25 1 2536
17 2 31 25 1 3926
18 2 31 25 1 3403
19 2 31 25 1 2337
20 2 31 25 1 1433
21 2 31 25 1 1512
06 3 33 24 1 1827
07 3 33 24 1 4388
08 3 33 24 1 5583
09 3 33 24 1 3635
10 3 33 24 1 3015
11 3 33 24 1 2268
12 3 33 24 1 1922
13 3 33 24 1 2201
14 3 33 24 1 2262
15 3 33 24 1 2246
16 3 33 24 1 2007
17 3 33 24 1 3592
18 3 33 24 1 3498
19 3 33 24 1 2296
20 3 33 24 1 1960
21 3 33 24 1 1745
06 10 35 25 1 2155
07 10 35 25 1 4871
08 10 35 25 1 5868
09 10 35 25 1 3910
10 10 35 25 1 2722
11 10 35 25 1 2411
12 10 35 25 1 1936
13 10 35 25 1 2232
14 10 35 25 1 2411
15 10 35 25 1 2348
16 10 35 25 1 2846
17 10 35 25 1 3745
18 10 35 25 1 3857
19 10 35 25 1 2190
20 10 35 25 1 1825
21 10 35 25 1 1593
06 11 35 25 1 1453
07 11 35 25 1 4537
08 11 35 25 1 5303
09 11 35 25 1 3990
10 11 35 25 1 2795
11 11 35 25 1 2067
12 11 35 25 1 1808
13 11 35 25 1 2228
14 11 35 25 1 2213
15 11 35 25 1 2375
16 11 35 25 1 2696
17 11 35 25 1 3560
18 11 35 25 1 4120
19 11 35 25 1 2206
20 11 35 25 1 1576
21 11 35 25 1 1721
06 4 33 25 1 1844
07 4 33 25 1 4683
08 4 33 25 1 5646
09 4 33 25 1 4345
10 4 33 25 1 2946
11 4 33 25 1 2269
12 4 33 25 1 1662
13 4 33 25 1 2172
14 4 33 25 1 2093
15 4 33 25 1 2075
16 4 33 25 1 2619
17 4 33 25 1 4072
18 4 33 25 1 3784
19 4 33 25 1 2373
20 4 33 25 1 1661
21 4 33 25 1 1606
06 3 33 25 1 1844
07 3 33 25 1 4180
08 3 33 25 1 5392
09 3 33 25 1 4163
10 3 33 25 1 2944
11 3 33 25 1 2414
12 3 33 25 1 1960
13 3 33 25 1 2195
14 3 33 25 1 2036
15 3 33 25 1 2091
16 3 33 25 1 2275
17 3 33 25 1 3286
18 3 33 25 1 3548
19 3 33 25 1 1749
20 3 33 25 1 1392
21 3 33 25 1 1257
06 9 34 25 1 1811
07 9 34 25 1 4120
08 9 34 25 1 5159
09 9 34 25 1 3858
10 9 34 25 1 2939
11 9 34 25 1 2415
12 9 34 25 1 1756
13 9 34 25 1 1905
14 9 34 25 1 2118
15 9 34 25 1 2227
16 9 34 25 1 2443
17 9 34 25 1 3597
18 9 34 25 1 3970
19 9 34 25 1 2301
20 9 34 25 1 1650
21 9 34 25 1 1606
06 9 34 24 1 2348
07 9 34 24 1 5581
08 9 34 24 1 5854
09 9 34 24 1 3966
10 9 34 24 1 3184
11 9 34 24 1 2333
12 9 34 24 1 2036
13 9 34 24 1 2396
14 9 34 24 1 2406
15 9 34 24 1 2656
16 9 34 24 1 3165
17 9 34 24 1 4155
18 9 34 24 1 4491
19 9 34 24 1 2534
20 9 34 24 1 1739
21 9 34 24 1 1587
06 10 34 24 1 2257
07 10 34 24 1 5403
08 10 34 24 1 5683
09 10 34 24 1 4000
10 10 34 24 1 2937
11 10 34 24 1 2292
12 10 34 24 1 1821
13 10 34 24 1 2273
14 10 34 24 1 2434
15 10 34 24 1 2662
16 10 34 24 1 3139
17 10 34 24 1 4450
18 10 34 24 1 4478
19 10 34 24 1 2564
20 10 34 24 1 1853
21 10 34 24 1 1821
06 11 34 25 1 2000
07 11 34 25 1 5389
08 11 34 25 1 6215
09 11 34 25 1 4149
10 11 34 25 1 3039
11 11 34 25 1 2582
12 11 34 25 1 1997
13 11 34 25 1 2420
14 11 34 25 1 2534
15 11 34 25 1 2210
16 11 34 25 1 2849
17 11 34 25 1 3904
18 11 34 25 1 4153
19 11 34 25 1 2327
20 11 34 25 1 1701
21 11 34 25 1 1606
06 2 34 24 1 2428
07 2 34 24 1 5095
08 2 34 24 1 5844
09 2 34 24 1 3978
10 2 34 24 1 3293
11 2 34 24 1 2506
12 2 34 24 1 1907
13 2 34 24 1 2242
14 2 34 24 1 2441
15 2 34 24 1 2789
16 2 34 24 1 2881
17 2 34 24 1 4411
18 2 34 24 1 4398
19 2 34 24 1 2604
20 2 34 24 1 2138
21 2 34 24 1 1872
06 2 32 24 1 2114
07 2 32 24 1 5024
08 2 32 24 1 5750
09 2 32 24 1 4160
10 2 32 24 1 2346
11 2 32 24 1 2330
12 2 32 24 1 1893
13 2 32 24 1 2200
14 2 32 24 1 2215
15 2 32 24 1 2650
16 2 32 24 1 3174
17 2 32 24 1 4049
18 2 32 24 1 3893
19 2 32 24 1 2645
20 2 32 24 1 1903
21 2 32 24 1 1921
06 3 34 25 1 2229
07 3 34 25 1 5031
08 3 34 25 1 5624
09 3 34 25 1 3680
10 3 34 25 1 3066
11 3 34 25 1 2491
12 3 34 25 1 2075
13 3 34 25 1 2074
14 3 34 25 1 2262
15 3 34 25 1 2419
16 3 34 25 1 3089
17 3 34 25 1 4020
18 3 34 25 1 4293
19 3 34 25 1 2641
20 3 34 25 1 1620
21 3 34 25 1 1513
06 3 34 25 1 2462
07 3 34 25 1 5285
08 3 34 25 1 5706
09 3 34 25 1 3989
10 3 34 25 1 3031
11 3 34 25 1 2390
12 3 34 25 1 1999
13 3 34 25 1 2042
14 3 34 25 1 2278
15 3 34 25 1 2445
16 3 34 25 1 3006
17 3 34 25 1 4129
18 3 34 25 1 4171
19 3 34 25 1 2424
20 3 34 25 1 1836
21 3 34 25 1 1646
06 3 34 25 1 2314
07 3 34 25 1 5280
08 3 34 25 1 5562
09 3 34 25 1 4138
10 3 34 25 1 3020
11 3 34 25 1 2564
12 3 34 25 1 2098
13 3 34 25 1 2058
14 3 34 25 1 2293
15 3 34 25 1 2292
16 3 34 25 1 2658
17 3 34 25 1 4001
18 3 34 25 1 3960
19 3 34 25 1 2337
20 3 34 25 1 1835
21 3 34 25 1 1628
06 2 34 25 1 2412
07 2 34 25 1 5089
08 2 34 25 1 5764
09 2 34 25 1 3841
10 2 34 25 1 2975
11 2 34 25 1 2374
12 2 34 25 1 2077
13 2 34 25 1 2434
14 2 34 25 1 2599
15 2 34 25 1 2624
16 2 34 25 1 3058
17 2 34 25 1 3986
18 2 34 25 1 4312
19 2 34 25 1 2571
20 2 34 25 1 2166
21 2 34 25 1 1889
06 13 35 25 2 2640
07 13 35 25 2 5302
08 13 35 25 2 6105
09 13 35 25 2 4173
10 13 35 25 2 2853
11 13 35 25 2 2558
12 13 35 25 2 1772
13 13 35 25 2 2149
14 13 35 25 2 2024
15 13 35 25 2 2248
16 13 35 25 2 3117
17 13 35 25 2 4365
18 13 35 25 2 3943
19 13 35 25 2 2270
20 13 35 25 2 1638
21 13 35 25 2 1371
06 14 30 25 3 1765
07 14 30 25 3 5264
08 14 30 25 3 5581
09 14 30 25 3 3083
10 14 30 25 3 2256
11 14 30 25 3 1744
12 14 30 25 3 1473
13 14 30 25 3 1745
14 14 30 25 3 1728
15 14 30 25 3 1936
16 14 30 25 3 2726
17 14 30 25 3 3999
18 14 30 25 3 4094
19 14 30 25 3 2278
20 14 30 25 3 1509
21 14 30 25 3 1500
06 2 31 25 1 1935
07 2 31 25 1 4867
08 2 31 25 1 5605
09 2 31 25 1 3621
10 2 31 25 1 2615
11 2 31 25 1 1986
12 2 31 25 1 1524
13 2 31 25 1 1905
14 2 31 25 1 1963
15 2 31 25 1 2425
16 2 31 25 1 3059
17 2 31 25 1 3589
18 2 31 25 1 3991
19 2 31 25 1 2293
20 2 31 25 1 1788
21 2 31 25 1 1584
06 3 33 25 1 2362
07 3 33 25 1 4522
08 3 33 25 1 5076
09 3 33 25 1 3527
10 3 33 25 1 2464
11 3 33 25 1 2163
12 3 33 25 1 1601
13 3 33 25 1 2157
14 3 33 25 1 2209
15 3 33 25 1 2445
16 3 33 25 1 2940
17 3 33 25 1 4017
18 3 33 25 1 3902
19 3 33 25 1 2173
20 3 33 25 1 1463
21 3 33 25 1 1693
06 3 35 24 1 2344
07 3 35 24 1 4500
08 3 35 24 1 5250
09 3 35 24 1 3489
10 3 35 24 1 2949
11 3 35 24 1 2067
12 3 35 24 1 1823
13 3 35 24 1 1990
14 3 35 24 1 1942
15 3 35 24 1 2257
16 3 35 24 1 3053
17 3 35 24 1 4124
18 3 35 24 1 4029
19 3 35 24 1 2631
20 3 35 24 1 1874
21 3 35 24 1 2153
06 3 30 23 1 2149
07 3 30 23 1 5243
08 3 30 23 1 5541
09 3 30 23 1 3708
10 3 30 23 1 3046
11 3 30 23 1 2316
12 3 30 23 1 1881
13 3 30 23 1 2003
14 3 30 23 1 2384
15 3 30 23 1 2416
16 3 30 23 1 3091
17 3 30 23 1 3821
18 3 30 23 1 4080
19 3 30 23 1 2320
20 3 30 23 1 1473
21 3 30 23 1 1535
06 10 31 23 1 2176
07 10 31 23 1 5277
08 10 31 23 1 5627
09 10 31 23 1 3842
10 10 31 23 1 3043
11 10 31 23 1 2392
12 10 31 23 1 1753
13 10 31 23 1 2094
14 10 31 23 1 2201
15 10 31 23 1 2618
16 10 31 23 1 2933
17 10 31 23 1 4101
18 10 31 23 1 4387
19 10 31 23 1 2595
20 10 31 23 1 1665
21 10 31 23 1 1668
06 10 32 23 1 2241
07 10 32 23 1 4886
08 10 32 23 1 5592
09 10 32 23 1 3709
10 10 32 23 1 2935
11 10 32 23 1 2207
12 10 32 23 1 1815
13 10 32 23 1 2137
14 10 32 23 1 2156
15 10 32 23 1 2527
16 10 32 23 1 2699
17 10 32 23 1 3740
18 10 32 23 1 3898
19 10 32 23 1 2206
20 10 32 23 1 1648
21 10 32 23 1 1677
06 10 33 23 1 1954
07 10 33 23 1 4784
08 10 33 23 1 5110
09 10 33 23 1 3716
10 10 33 23 1 3105
11 10 33 23 1 2062
12 10 33 23 1 1692
13 10 33 23 1 2098
14 10 33 23 1 2121
15 10 33 23 1 2473
16 10 33 23 1 2969
17 10 33 23 1 4056
18 10 33 23 1 4157
19 10 33 23 1 2354
20 10 33 23 1 1854
21 10 33 23 1 1501
06 10 33 24 1 1847
07 10 33 24 1 4282
08 10 33 24 1 5009
09 10 33 24 1 3443
10 10 33 24 1 2748
11 10 33 24 1 1945
12 10 33 24 1 1682
13 10 33 24 1 1914
14 10 33 24 1 2145
15 10 33 24 1 2418
16 10 33 24 1 2590
17 10 33 24 1 4138
18 10 33 24 1 3814
19 10 33 24 1 2303
20 10 33 24 1 1842
21 10 33 24 1 1579
06 10 33 24 1 1707
07 10 33 24 1 4591
08 10 33 24 1 4658
09 10 33 24 1 3204
10 10 33 24 1 2845
11 10 33 24 1 1881
12 10 33 24 1 1676
13 10 33 24 1 1755
14 10 33 24 1 1924
15 10 33 24 1 2132
16 10 33 24 1 2697
17 10 33 24 1 3594
18 10 33 24 1 3900
19 10 33 24 1 1835
20 10 33 24 1 1420
21 10 33 24 1 1581
06 11 34 24 1 1695
07 11 34 24 1 4418
08 11 34 24 1 4980
09 11 34 24 1 3518
10 11 34 24 1 2646
11 11 34 24 1 2016
12 11 34 24 1 1554
13 11 34 24 1 1808
14 11 34 24 1 2013
15 11 34 24 1 2200
16 11 34 24 1 2669
17 11 34 24 1 3662
18 11 34 24 1 3907
19 11 34 24 1 2136
20 11 34 24 1 1375
21 11 34 24 1 1331
06 3 33 24 1 1805
07 3 33 24 1 4013
08 3 33 24 1 4356
09 3 33 24 1 3569
10 3 33 24 1 3017
11 3 33 24 1 2103
12 3 33 24 1 1885
13 3 33 24 1 1927
14 3 33 24 1 2093
15 3 33 24 1 2307
16 3 33 24 1 3062
17 3 33 24 1 3855
18 3 33 24 1 3707
19 3 33 24 1 2375
20 3 33 24 1 1725
21 3 33 24 1 1357
06 10 30 18 1 1974
07 10 30 18 1 4696
08 10 30 18 1 5415
09 10 30 18 1 3838
10 10 30 18 1 2798
11 10 30 18 1 2157
12 10 30 18 1 1611
13 10 30 18 1 1775
14 10 30 18 1 2065
15 10 30 18 1 2345
16 10 30 18 1 2715
17 10 30 18 1 3486
18 10 30 18 1 3654
19 10 30 18 1 2007
20 10 30 18 1 1180
21 10 30 18 1 1234
06 10 30 19 1 1778
07 10 30 19 1 4875
08 10 30 19 1 5526
09 10 30 19 1 3922
10 10 30 19 1 2729
11 10 30 19 1 2283
12 10 30 19 1 1545
13 10 30 19 1 1867
14 10 30 19 1 2182
15 10 30 19 1 2402
16 10 30 19 1 2921
17 10 30 19 1 3709
18 10 30 19 1 3834
19 10 30 19 1 1814
20 10 30 19 1 1538
21 10 30 19 1 1076
06 10 30 21 1 1680
07 10 30 21 1 4957
08 10 30 21 1 5516
09 10 30 21 1 4059
10 10 30 21 1 2817
11 10 30 21 1 2414
12 10 30 21 1 1781
13 10 30 21 1 1901
14 10 30 21 1 1907
15 10 30 21 1 2180
16 10 30 21 1 2633
17 10 30 21 1 3740
18 10 30 21 1 3936
19 10 30 21 1 1847
20 10 30 21 1 1544
21 10 30 21 1 1387
06 10 31 19 1 1894
07 10 31 19 1 4555
08 10 31 19 1 5089
09 10 31 19 1 3736
10 10 31 19 1 2819
11 10 31 19 1 2479
12 10 31 19 1 1535
13 10 31 19 1 1984
14 10 31 19 1 2040
15 10 31 19 1 2252
16 10 31 19 1 3078
17 10 31 19 1 3706
18 10 31 19 1 3847
19 10 31 19 1 2107
20 10 31 19 1 1648
21 10 31 19 1 1609
06 10 29 18 7 2029
07 10 29 18 7 4832
08 10 29 18 7 5268
09 10 29 18 7 4104
10 10 29 18 7 2905
11 10 29 18 7 2174
12 10 29 18 7 1771
13 10 29 18 7 1819
14 10 29 18 7 1872
15 10 29 18 7 2049
16 10 29 18 7 2637
17 10 29 18 7 3541
18 10 29 18 7 3685
19 10 29 18 7 2075
20 10 29 18 7 1287
21 10 29 18 7 1222
06 10 29 17 1 1785
07 10 29 17 1 4440
08 10 29 17 1 5452
09 10 29 17 1 3847
10 10 29 17 1 2714
11 10 29 17 1 2117
12 10 29 17 1 1583
13 10 29 17 1 1932
14 10 29 17 1 1985
15 10 29 17 1 2339
16 10 29 17 1 2806
17 10 29 17 1 3913
18 10 29 17 1 3974
19 10 29 17 1 1581
20 10 29 17 1 1440
21 10 29 17 1 1081
06 10 30 16 1 1740
07 10 30 16 1 4563
08 10 30 16 1 5743
09 10 30 16 1 3784
10 10 30 16 1 3022
11 10 30 16 1 2342
12 10 30 16 1 1873
13 10 30 16 1 2280
14 10 30 16 1 2102
15 10 30 16 1 2147
16 10 30 16 1 2892
17 10 30 16 1 4140
18 10 30 16 1 4147
19 10 30 16 1 2094
20 10 30 16 1 1698
21 10 30 16 1 1602
06 10 30 18 1 1827
07 10 30 18 1 4644
08 10 30 18 1 5513
09 10 30 18 1 3935
10 10 30 18 1 2867
11 10 30 18 1 2310
12 10 30 18 1 1791
13 10 30 18 1 2012
14 10 30 18 1 2095
15 10 30 18 1 2064
16 10 30 18 1 2631
17 10 30 18 1 3769
18 10 30 18 1 4031
19 10 30 18 1 2162
20 10 30 18 1 1405
21 10 30 18 1 1416
06 10 30 18 1 1726
07 10 30 18 1 4599
08 10 30 18 1 5275
09 10 30 18 1 4191
10 10 30 18 1 2840
11 10 30 18 1 2427
12 10 30 18 1 1729
13 10 30 18 1 2073
14 10 30 18 1 2188
15 10 30 18 1 2638
16 10 30 18 1 2728
17 10 30 18 1 3982
18 10 30 18 1 3709
19 10 30 18 1 2056
20 10 30 18 1 1796
21 10 30 18 1 1554
06 3 30 20 1 1862
07 3 30 20 1 4645
08 3 30 20 1 5286
09 3 30 20 1 3582
10 3 30 20 1 2856
11 3 30 20 1 2208
12 3 30 20 1 1736
13 3 30 20 1 1767
14 3 30 20 1 2024
15 3 30 20 1 2038
16 3 30 20 1 2497
17 3 30 20 1 3645
18 3 30 20 1 3672
19 3 30 20 1 1702
20 3 30 20 1 1263
21 3 30 20 1 1279
06 3 31 21 1 1475
07 3 31 21 1 4378
08 3 31 21 1 5073
09 3 31 21 1 3552
10 3 31 21 1 2497
11 3 31 21 1 2190
12 3 31 21 1 1356
13 3 31 21 1 1731
14 3 31 21 1 1793
15 3 31 21 1 2274
16 3 31 21 1 2882
17 3 31 21 1 3855
18 3 31 21 1 3992
19 3 31 21 1 2445
20 3 31 21 1 1465
21 3 31 21 1 1480
06 3 30 21 1 1699
07 3 30 21 1 4509
08 3 30 21 1 5336
09 3 30 21 1 3873
10 3 30 21 1 2758
11 3 30 21 1 2232
12 3 30 21 1 1557
13 3 30 21 1 2006
14 3 30 21 1 2194
15 3 30 21 1 2304
16 3 30 21 1 2858
17 3 30 21 1 3770
18 3 30 21 1 3922
19 3 30 21 1 2035
20 3 30 21 1 1282
21 3 30 21 1 1279
06 3 29 20 1 1497
07 3 29 20 1 4824
08 3 29 20 1 5572
09 3 29 20 1 3722
10 3 29 20 1 2669
11 3 29 20 1 2386
12 3 29 20 1 1633
13 3 29 20 1 2033
14 3 29 20 1 2181
15 3 29 20 1 2562
16 3 29 20 1 2838
17 3 29 20 1 3827
18 3 29 20 1 3784
19 3 29 20 1 2068
20 3 29 20 1 1313
21 3 29 20 1 1749
06 16 27 21 1 1689
07 16 27 21 1 4472
08 16 27 21 1 5491
09 16 27 21 1 3671
10 16 27 21 1 3041
11 16 27 21 1 2477
12 16 27 21 1 1798
13 16 27 21 1 2256
14 16 27 21 1 2388
15 16 27 21 1 2804
16 16 27 21 1 3037
17 16 27 21 1 4313
18 16 27 21 1 4391
19 16 27 21 1 2030
20 16 27 21 1 1702
21 16 27 21 1 1636
06 11 30 21 1 1834
07 11 30 21 1 4821
08 11 30 21 1 5395
09 11 30 21 1 3983
10 11 30 21 1 2784
11 11 30 21 1 2360
12 11 30 21 1 1698
13 11 30 21 1 1618
14 11 30 21 1 1917
15 11 30 21 1 2301
16 11 30 21 1 2749
17 11 30 21 1 4037
18 11 30 21 1 3638
19 11 30 21 1 1862
20 11 30 21 1 1341
21 11 30 21 1 1277
06 3 30 20 1 1664
07 3 30 20 1 4759
08 3 30 20 1 5524
09 3 30 20 1 4007
10 3 30 20 1 2916
11 3 30 20 1 2403
12 3 30 20 1 1773
13 3 30 20 1 2079
14 3 30 20 1 2347
15 3 30 20 1 2025
16 3 30 20 1 2998
17 3 30 20 1 3904
18 3 30 20 1 4076
19 3 30 20 1 1828
20 3 30 20 1 1538
21 3 30 20 1 1398
06 9 30 21 1 1898
07 9 30 21 1 4899
08 9 30 21 1 5408
09 9 30 21 1 3709
10 9 30 21 1 3030
11 9 30 21 1 2274
12 9 30 21 1 1801
13 9 30 21 1 2049
14 9 30 21 1 2173
15 9 30 21 1 2622
16 9 30 21 1 3020
17 9 30 21 1 4184
18 9 30 21 1 4411
19 9 30 21 1 1981
20 9 30 21 1 1567
21 9 30 21 1 1476
06 10 31 20 1 1949
07 10 31 20 1 4626
08 10 31 20 1 5238
09 10 31 20 1 3966
10 10 31 20 1 2883
11 10 31 20 1 2373
12 10 31 20 1 1958
13 10 31 20 1 2325
14 10 31 20 1 2438
15 10 31 20 1 2477
16 10 31 20 1 3096
17 10 31 20 1 4549
18 10 31 20 1 4029
19 10 31 20 1 2089
20 10 31 20 1 1531
21 10 31 20 1 1470
06 10 31 20 1 1750
07 10 31 20 1 4728
08 10 31 20 1 5748
09 10 31 20 1 4064
10 10 31 20 1 2936
11 10 31 20 1 2307
12 10 31 20 1 1803
13 10 31 20 1 2161
14 10 31 20 1 2220
15 10 31 20 1 2257
16 10 31 20 1 3054
17 10 31 20 1 4010
18 10 31 20 1 3868
19 10 31 20 1 2330
20 10 31 20 1 1882
21 10 31 20 1 1493
06 3 25 17 1 1889
07 3 25 17 1 5626
08 3 25 17 1 5799
09 3 25 17 1 3931
10 3 25 17 1 2945
11 3 25 17 1 2138
12 3 25 17 1 1646
13 3 25 17 1 1867
14 3 25 17 1 2265
15 3 25 17 1 2450
16 3 25 17 1 3144
17 3 25 17 1 4349
18 3 25 17 1 4143
19 3 25 17 1 2055
20 3 25 17 1 1284
21 3 25 17 1 1317
06 3 26 17 1 1770
07 3 26 17 1 4620
08 3 26 17 1 5510
09 3 26 17 1 3797
10 3 26 17 1 2973
11 3 26 17 1 2323
12 3 26 17 1 1785
13 3 26 17 1 1987
14 3 26 17 1 2279
15 3 26 17 1 2505
16 3 26 17 1 2886
17 3 26 17 1 3879
18 3 26 17 1 3998
19 3 26 17 1 1926
20 3 26 17 1 1466
21 3 26 17 1 1310
06 18 27 20 1 1631
07 18 27 20 1 4501
08 18 27 20 1 5457
09 18 27 20 1 3964
10 18 27 20 1 2953
11 18 27 20 1 2045
12 18 27 20 1 1863
13 18 27 20 1 2012
14 18 27 20 1 2176
15 18 27 20 1 2470
16 18 27 20 1 2797
17 18 27 20 1 4041
18 18 27 20 1 3690
19 18 27 20 1 2001
20 18 27 20 1 1345
21 18 27 20 1 1319
06 17 25 19 1 1286
07 17 25 19 1 4182
08 17 25 19 1 4858
09 17 25 19 1 3007
10 17 25 19 1 2185
11 17 25 19 1 1690
12 17 25 19 1 1440
13 17 25 19 1 1785
14 17 25 19 1 1764
15 17 25 19 1 2210
16 17 25 19 1 2845
17 17 25 19 1 3875
18 17 25 19 1 3941
19 17 25 19 1 1937
20 17 25 19 1 1336
21 17 25 19 1 1525
06 19 22 16 1 1599
07 19 22 16 1 4624
08 19 22 16 1 4901
09 19 22 16 1 3336
10 19 22 16 1 2649
11 19 22 16 1 1839
12 19 22 16 1 1867
13 19 22 16 1 1897
14 19 22 16 1 2293
15 19 22 16 1 2479
16 19 22 16 1 3222
17 19 22 16 1 4157
18 19 22 16 1 4235
19 19 22 16 1 2217
20 19 22 16 1 1738
21 19 22 16 1 1396
06 21 22 17 1 1617
07 21 22 17 1 4815
08 21 22 17 1 5446
09 21 22 17 1 3936
10 21 22 17 1 3056
11 21 22 17 1 2229
12 21 22 17 1 1698
13 21 22 17 1 2147
14 21 22 17 1 2313
15 21 22 17 1 2611
16 21 22 17 1 3299
17 21 22 17 1 4301
18 21 22 17 1 3962
19 21 22 17 1 2096
20 21 22 17 1 1421
21 21 22 17 1 1357
06 21 23 17 1 1577
07 21 23 17 1 4837
08 21 23 17 1 5463
09 21 23 17 1 3996
10 21 23 17 1 2681
11 21 23 17 1 2235
12 21 23 17 1 1867
13 21 23 17 1 2031
14 21 23 17 1 2186
15 21 23 17 1 2433
16 21 23 17 1 3142
17 21 23 17 1 4111
18 21 23 17 1 4568
19 21 23 17 1 2012
20 21 23 17 1 1621
21 21 23 17 1 1416
06 22 20 16 1 1569
07 22 20 16 1 4910
08 22 20 16 1 5657
09 22 20 16 1 3672
10 22 20 16 1 2642
11 22 20 16 1 2289
12 22 20 16 1 2005
13 22 20 16 1 2173
14 22 20 16 1 2235
15 22 20 16 1 2534
16 22 20 16 1 3358
17 22 20 16 1 4329
18 22 20 16 1 4091
19 22 20 16 1 2035
20 22 20 16 1 1573
21 22 20 16 1 1659
06 15 20 16 1 1705
07 15 20 16 1 4896
08 15 20 16 1 5747
09 15 20 16 1 4070
10 15 20 16 1 2968
11 15 20 16 1 2583
12 15 20 16 1 2160
13 15 20 16 1 2388
14 15 20 16 1 2391
15 15 20 16 1 2419
16 15 20 16 1 3226
17 15 20 16 1 3956
18 15 20 16 1 3972
19 15 20 16 1 2277
20 15 20 16 1 1471
21 15 20 16 1 1359
06 3 23 16 1 1663
07 3 23 16 1 5022
08 3 23 16 1 5447
09 3 23 16 1 4149
10 3 23 16 1 3272
11 3 23 16 1 2771
12 3 23 16 1 2011
13 3 23 16 1 2625
14 3 23 16 1 2480
15 3 23 16 1 2818
16 3 23 16 1 3558
17 3 23 16 1 4357
18 3 23 16 1 4169
19 3 23 16 1 2322
20 3 23 16 1 1670
21 3 23 16 1 1914
06 10 23 14 1 1727
07 10 23 14 1 5292
08 10 23 14 1 5581
09 10 23 14 1 4007
10 10 23 14 1 3138
11 10 23 14 1 2449
12 10 23 14 1 1727
13 10 23 14 1 2067
14 10 23 14 1 2765
15 10 23 14 1 2593
16 10 23 14 1 3258
17 10 23 14 1 4427
18 10 23 14 1 4392
19 10 23 14 1 2225
20 10 23 14 1 1399
21 10 23 14 1 1526
06 10 22 13 1 1651
07 10 22 13 1 5385
08 10 22 13 1 5982
09 10 22 13 1 3977
10 10 22 13 1 3226
11 10 22 13 1 2557
12 10 22 13 1 1875
13 10 22 13 1 2373
14 10 22 13 1 2557
15 10 22 13 1 2639
16 10 22 13 1 3143
17 10 22 13 1 4434
18 10 22 13 1 4212
19 10 22 13 1 2065
20 10 22 13 1 1605
21 10 22 13 1 1389
06 10 23 14 1 1724
07 10 23 14 1 5127
08 10 23 14 1 5986
09 10 23 14 1 4290
10 10 23 14 1 2986
11 10 23 14 1 2390
12 10 23 14 1 1989
13 10 23 14 1 2233
14 10 23 14 1 2416
15 10 23 14 1 2535
16 10 23 14 1 3067
17 10 23 14 1 4119
18 10 23 14 1 4529
19 10 23 14 1 2026
20 10 23 14 1 1456
21 10 23 14 1 1342
06 10 24 15 1 1787
07 10 24 15 1 4851
08 10 24 15 1 5981
09 10 24 15 1 4067
10 10 24 15 1 3081
11 10 24 15 1 2616
12 10 24 15 1 1990
13 10 24 15 1 2435
14 10 24 15 1 2717
15 10 24 15 1 2924
16 10 24 15 1 3459
17 10 24 15 1 4616
18 10 24 15 1 4360
19 10 24 15 1 2267
20 10 24 15 1 1711
21 10 24 15 1 1512
06 10 26 15 1 1639
07 10 26 15 1 4491
08 10 26 15 1 5702
09 10 26 15 1 3601
10 10 26 15 1 3216
11 10 26 15 1 2502
12 10 26 15 1 2034
13 10 26 15 1 2218
14 10 26 15 1 2893
15 10 26 15 1 2856
16 10 26 15 1 3329
17 10 26 15 1 4515
18 10 26 15 1 4801
19 10 26 15 1 2079
20 10 26 15 1 1902
21 10 26 15 1 1388
06 11 28 18 1 1823
07 11 28 18 1 4963
08 11 28 18 1 5208
09 11 28 18 1 3856
10 11 28 18 1 3020
11 11 28 18 1 2371
12 11 28 18 1 1651
13 11 28 18 1 2082
14 11 28 18 1 2393
15 11 28 18 1 2498
16 11 28 18 1 3230
17 11 28 18 1 4068
18 11 28 18 1 4344
19 11 28 18 1 1955
20 11 28 18 1 1419
21 11 28 18 1 1611
06 3 27 16 1 1668
07 3 27 16 1 4768
08 3 27 16 1 5512
09 3 27 16 1 3908
10 3 27 16 1 2993
11 3 27 16 1 2259
12 3 27 16 1 1750
13 3 27 16 1 1897
14 3 27 16 1 2025
15 3 27 16 1 2316
16 3 27 16 1 3025
17 3 27 16 1 3881
18 3 27 16 1 4272
19 3 27 16 1 2239
20 3 27 16 1 1492
21 3 27 16 1 1451
06 17 25 18 1 1778
07 17 25 18 1 4900
08 17 25 18 1 5699
09 17 25 18 1 4037
10 17 25 18 1 3262
11 17 25 18 1 2421
12 17 25 18 1 1770
13 17 25 18 1 2290
14 17 25 18 1 2803
15 17 25 18 1 2767
16 17 25 18 1 3203
17 17 25 18 1 3989
18 17 25 18 1 4153
19 17 25 18 1 2268
20 17 25 18 1 1644
21 17 25 18 1 1530
06 15 25 20 1 1605
07 15 25 20 1 4866
08 15 25 20 1 5962
09 15 25 20 1 4142
10 15 25 20 1 3112
11 15 25 20 1 2223
12 15 25 20 1 1790
13 15 25 20 1 2103
14 15 25 20 1 2250
15 15 25 20 1 2445
16 15 25 20 1 3232
17 15 25 20 1 4103
18 15 25 20 1 4154
19 15 25 20 1 1929
20 15 25 20 1 1195
21 15 25 20 1 1451
06 17 26 21 1 1672
07 17 26 21 1 4591
08 17 26 21 1 5602
09 17 26 21 1 3946
10 17 26 21 1 3306
11 17 26 21 1 2672
12 17 26 21 1 2137
13 17 26 21 1 2512
14 17 26 21 1 2552
15 17 26 21 1 2627
16 17 26 21 1 3528
17 17 26 21 1 4586
18 17 26 21 1 4576
19 17 26 21 1 2462
20 17 26 21 1 2070
21 17 26 21 1 1786
06 22 16 11 10 1787
07 22 16 11 10 4677
08 22 16 11 10 5483
09 22 16 11 10 3727
10 22 16 11 10 2892
11 22 16 11 10 2159
12 22 16 11 10 1514
13 22 16 11 10 2001
14 22 16 11 10 2163
15 22 16 11 10 2141
16 22 16 11 10 3005
17 22 16 11 10 4220
18 22 16 11 10 3999
19 22 16 11 10 1708
20 22 16 11 10 1310
21 22 16 11 10 1249
06 23 14 11 1 1594
07 23 14 11 1 4693
08 23 14 11 1 5214
09 23 14 11 1 3579
10 23 14 11 1 2888
11 23 14 11 1 2246
12 23 14 11 1 1715
13 23 14 11 1 2042
14 23 14 11 1 2038
15 23 14 11 1 2336
16 23 14 11 1 2714
17 23 14 11 1 3685
18 23 14 11 1 4091
19 23 14 11 1 1897
20 23 14 11 1 1349
21 23 14 11 1 1269
06 24 15 9 6 1388
07 24 15 9 6 4348
08 24 15 9 6 5125
09 24 15 9 6 3359
10 24 15 9 6 2694
11 24 15 9 6 1813
12 24 15 9 6 1407
13 24 15 9 6 1673
14 24 15 9 6 1914
15 24 15 9 6 2197
16 24 15 9 6 2963
17 24 15 9 6 4208
18 24 15 9 6 3972
19 24 15 9 6 1920
20 24 15 9 6 1378
21 24 15 9 6 1310
06 25 13 9 11 1314
07 25 13 9 11 4310
08 25 13 9 11 5423
09 25 13 9 11 3618
10 25 13 9 11 2692
11 25 13 9 11 1991
12 25 13 9 11 1760
13 25 13 9 11 1854
14 25 13 9 11 1981
15 25 13 9 11 2300
16 25 13 9 11 3017
17 25 13 9 11 3839
18 25 13 9 11 4227
19 25 13 9 11 1954
20 25 13 9 11 1588
21 25 13 9 11 1398
06 3 17 8 1 1556
07 3 17 8 1 4413
08 3 17 8 1 5409
09 3 17 8 1 3709
10 3 17 8 1 3065
11 3 17 8 1 2415
12 3 17 8 1 1773
13 3 17 8 1 1927
14 3 17 8 1 2284
15 3 17 8 1 2693
16 3 17 8 1 3299
17 3 17 8 1 4349
18 3 17 8 1 4526
19 3 17 8 1 2662
20 3 17 8 1 1640
21 3 17 8 1 1729
06 25 17 11 1 1404
07 25 17 11 1 4727
08 25 17 11 1 5110
09 25 17 11 1 3413
10 25 17 11 1 2934
11 25 17 11 1 2318
12 25 17 11 1 1864
13 25 17 11 1 2219
14 25 17 11 1 2374
15 25 17 11 1 2273
16 25 17 11 1 3078
17 25 17 11 1 4300
18 25 17 11 1 4069
19 25 17 11 1 1949
20 25 17 11 1 1557
21 25 17 11 1 1323
06 3 20 14 1 1525
07 3 20 14 1 4650
08 3 20 14 1 5389
09 3 20 14 1 3895
10 3 20 14 1 3129
11 3 20 14 1 2553
12 3 20 14 1 1847
13 3 20 14 1 2238
14 3 20 14 1 2427
15 3 20 14 1 2545
16 3 20 14 1 2913
17 3 20 14 1 3944
18 3 20 14 1 4028
19 3 20 14 1 1928
20 3 20 14 1 1498
21 3 20 14 1 1340
06 16 20 12 1 1510
07 16 20 12 1 4943
08 16 20 12 1 5682
09 16 20 12 1 3866
10 16 20 12 1 2942
11 16 20 12 1 2229
12 16 20 12 1 1789
13 16 20 12 1 2272
14 16 20 12 1 2659
15 16 20 12 1 2564
16 16 20 12 1 3202
17 16 20 12 1 4020
18 16 20 12 1 4051
19 16 20 12 1 2207
20 16 20 12 1 1459
21 16 20 12 1 1316
06 25 15 11 8 1596
07 25 15 11 8 4491
08 25 15 11 8 5476
09 25 15 11 8 3616
10 25 15 11 8 3179
11 25 15 11 8 2213
12 25 15 11 8 1911
13 25 15 11 8 2404
14 25 15 11 8 2338
15 25 15 11 8 2403
16 25 15 11 8 3229
17 25 15 11 8 3847
18 25 15 11 8 4023
19 25 15 11 8 2181
20 25 15 11 8 1642
21 25 15 11 8 1688
06 3 15 8 7 1548
07 3 15 8 7 4390
08 3 15 8 7 5653
09 3 15 8 7 3865
10 3 15 8 7 3201
11 3 15 8 7 2245
12 3 15 8 7 2052
13 3 15 8 7 2243
14 3 15 8 7 2483
15 3 15 8 7 2685
16 3 15 8 7 3489
17 3 15 8 7 4259
18 3 15 8 7 4577
19 3 15 8 7 2353
20 3 15 8 7 1747
21 3 15 8 7 1669
06 3 21 11 12 1703
07 3 21 11 12 4958
08 3 21 11 12 5738
09 3 21 11 12 4074
10 3 21 11 12 3192
11 3 21 11 12 2637
12 3 21 11 12 1990
13 3 21 11 12 2203
14 3 21 11 12 2375
15 3 21 11 12 2502
16 3 21 11 12 3177
17 3 21 11 12 3908
18 3 21 11 12 4016
19 3 21 11 12 1949
20 3 21 11 12 1320
21 3 21 11 12 1405
06 3 16 6 13 1605
07 3 16 6 13 4529
08 3 16 6 13 5580
09 3 16 6 13 3861
10 3 16 6 13 2896
11 3 16 6 13 2439
12 3 16 6 13 1869
13 3 16 6 13 2297
14 3 16 6 13 2342
15 3 16 6 13 2678
16 3 16 6 13 3365
17 3 16 6 13 4270
18 3 16 6 13 4002
19 3 16 6 13 1986
20 3 16 6 13 1500
21 3 16 6 13 1313
06 10 15 5 7 1550
07 10 15 5 7 4685
08 10 15 5 7 5598
09 10 15 5 7 4081
10 10 15 5 7 3209
11 10 15 5 7 2267
12 10 15 5 7 1800
13 10 15 5 7 1997
14 10 15 5 7 2295
15 10 15 5 7 2562
16 10 15 5 7 3108
17 10 15 5 7 4320
18 10 15 5 7 4652
19 10 15 5 7 1964
20 10 15 5 7 1608
21 10 15 5 7 1440
06 26 17 9 1 1575
07 26 17 9 1 4662
08 26 17 9 1 5627
09 26 17 9 1 3910
10 26 17 9 1 2949
11 26 17 9 1 2469
12 26 17 9 1 1619
13 26 17 9 1 2108
14 26 17 9 1 2345
15 26 17 9 1 2617
16 26 17 9 1 3016
17 26 17 9 1 4359
18 26 17 9 1 3904
19 26 17 9 1 1951
20 26 17 9 1 1432
21 26 17 9 1 1418
06 25 14 7 1 1552
07 25 14 7 1 4394
08 25 14 7 1 5337
09 25 14 7 1 3881
10 25 14 7 1 3075
11 25 14 7 1 2480
12 25 14 7 1 1745
13 25 14 7 1 2182
14 25 14 7 1 2283
15 25 14 7 1 2654
16 25 14 7 1 3249
17 25 14 7 1 4155
18 25 14 7 1 3866
19 25 14 7 1 2181
20 25 14 7 1 1499
21 25 14 7 1 1541
06 11 16 8 1 1480
07 11 16 8 1 4832
08 11 16 8 1 5538
09 11 16 8 1 4052
10 11 16 8 1 3022
11 11 16 8 1 2260
12 11 16 8 1 1821
13 11 16 8 1 2057
14 11 16 8 1 2114
15 11 16 8 1 2869
16 11 16 8 1 4202
17 11 16 8 1 5291
18 11 16 8 1 4317
19 11 16 8 1 1859
20 11 16 8 1 1638
21 11 16 8 1 1317
06 17 17 11 1 1435
07 17 17 11 1 4790
08 17 17 11 1 5960
09 17 17 11 1 4214
10 17 17 11 1 3216
11 17 17 11 1 2478
12 17 17 11 1 1914
13 17 17 11 1 2211
14 17 17 11 1 2357
15 17 17 11 1 2793
16 17 17 11 1 3222
17 17 17 11 1 4226
18 17 17 11 1 4116
19 17 17 11 1 2329
20 17 17 11 1 1331
21 17 17 11 1 1388
06 15 20 13 1 1448
07 15 20 13 1 4751
08 15 20 13 1 5633
09 15 20 13 1 4413
10 15 20 13 1 3216
11 15 20 13 1 2713
12 15 20 13 1 1790
13 15 20 13 1 2265
14 15 20 13 1 2408
15 15 20 13 1 2565
16 15 20 13 1 3093
17 15 20 13 1 4144
18 15 20 13 1 4239
19 15 20 13 1 2035
20 15 20 13 1 1699
21 15 20 13 1 1432
06 23 18 13 1 1296
07 23 18 13 1 4445
08 23 18 13 1 5645
09 23 18 13 1 3886
10 23 18 13 1 2983
11 23 18 13 1 2461
12 23 18 13 1 1863
13 23 18 13 1 2115
14 23 18 13 1 2509
15 23 18 13 1 2720
16 23 18 13 1 3168
17 23 18 13 1 4397
18 23 18 13 1 4339
19 23 18 13 1 1950
20 23 18 13 1 1608
21 23 18 13 1 1701
06 23 17 12 1 1486
07 23 17 12 1 4514
08 23 17 12 1 5239
09 23 17 12 1 4010
10 23 17 12 1 3004
11 23 17 12 1 2483
12 23 17 12 1 2003
13 23 17 12 1 2135
14 23 17 12 1 2524
15 23 17 12 1 2839
16 23 17 12 1 3119
17 23 17 12 1 4418
18 23 17 12 1 4324
19 23 17 12 1 1999
20 23 17 12 1 1649
21 23 17 12 1 1674
06 10 18 4 1 1702
07 10 18 4 1 4755
08 10 18 4 1 5824
09 10 18 4 1 4211
10 10 18 4 1 3284
11 10 18 4 1 2570
12 10 18 4 1 2120
13 10 18 4 1 2423
14 10 18 4 1 2447
15 10 18 4 1 2728
16 10 18 4 1 3401
17 10 18 4 1 3801
18 10 18 4 1 4096
19 10 18 4 1 2289
20 10 18 4 1 1690
21 10 18 4 1 1259
06 10 19 6 1 1552
07 10 19 6 1 4864
08 10 19 6 1 5773
09 10 19 6 1 4194
10 10 19 6 1 2995
11 10 19 6 1 2503
12 10 19 6 1 2023
13 10 19 6 1 2080
14 10 19 6 1 2356
15 10 19 6 1 2602
16 10 19 6 1 3204
17 10 19 6 1 4287
18 10 19 6 1 4042
19 10 19 6 1 2301
20 10 19 6 1 1580
21 10 19 6 1 1488
06 10 22 8 6 1669
07 10 22 8 6 4646
08 10 22 8 6 5546
09 10 22 8 6 4108
10 10 22 8 6 3364
11 10 22 8 6 3068
12 10 22 8 6 2226
13 10 22 8 6 2363
14 10 22 8 6 2751
15 10 22 8 6 3262
16 10 22 8 6 3594
17 10 22 8 6 4635
18 10 22 8 6 4290
19 10 22 8 6 2543
20 10 22 8 6 2107
21 10 22 8 6 1796
