06 3 34 25 1 1271 
07 3 34 25 1 2501 
08 3 34 25 1 3642 
09 3 34 25 1 3917 
10 3 34 25 1 3240 
11 3 34 25 1 2861 
12 3 34 25 1 2402 
13 3 34 25 1 2414 
14 3 34 25 1 3039 
15 3 34 25 1 2521 
16 3 34 25 1 2525 
17 3 34 25 1 3246 
18 3 34 25 1 2977 
19 3 34 25 1 2272 
20 3 34 25 1 2039 
21 3 34 25 1 2003 
06 11 34 25 1 1169 
07 11 34 25 1 2349 
08 11 34 25 1 3520 
09 11 34 25 1 3929 
10 11 34 25 1 3463 
11 11 34 25 1 2627 
12 11 34 25 1 2139 
13 11 34 25 1 2589 
14 11 34 25 1 2707 
15 11 34 25 1 2404 
16 11 34 25 1 2800 
17 11 34 25 1 2777 
18 11 34 25 1 2388 
19 11 34 25 1 2024 
20 11 34 25 1 2084 
21 11 34 25 1 1953 
06 4 33 25 1 1099 
07 4 33 25 1 1732 
08 4 33 25 1 2487 
09 4 33 25 1 2819 
10 4 33 25 1 2837 
11 4 33 25 1 2080 
12 4 33 25 1 1760 
13 4 33 25 1 2124 
14 4 33 25 1 2695 
15 4 33 25 1 2497 
16 4 33 25 1 2968 
17 4 33 25 1 2900 
18 4 33 25 1 2101 
19 4 33 25 1 2460 
20 4 33 25 1 2480 
21 4 33 25 1 2555 
06 3 32 24 1 849 
07 3 32 24 1 1760 
08 3 32 24 1 3167 
09 3 32 24 1 3553 
10 3 32 24 1 3052 
11 3 32 24 1 2837 
12 3 32 24 1 2148 
13 3 32 24 1 2525 
14 3 32 24 1 2721 
15 3 32 24 1 2532 
16 3 32 24 1 2374 
17 3 32 24 1 2283 
18 3 32 24 1 1801 
19 3 32 24 1 1588 
20 3 32 24 1 1643 
21 3 32 24 1 1434 
06 3 33 23 1 1025 
07 3 33 23 1 2032 
08 3 33 23 1 3249 
09 3 33 23 1 3725 
10 3 33 23 1 3313 
11 3 33 23 1 2779 
12 3 33 23 1 2507 
13 3 33 23 1 2981 
14 3 33 23 1 2937 
15 3 33 23 1 2819 
16 3 33 23 1 2528 
17 3 33 23 1 2915 
18 3 33 23 1 1861 
19 3 33 23 1 1955 
20 3 33 23 1 2027 
21 3 33 23 1 1398 
06 3 33 24 1 853 
07 3 33 24 1 1663 
08 3 33 24 1 2608 
09 3 33 24 1 3334 
10 3 33 24 1 2714 
11 3 33 24 1 2325 
12 3 33 24 1 1837 
13 3 33 24 1 2254 
14 3 33 24 1 2491 
15 3 33 24 1 2188 
16 3 33 24 1 2280 
17 3 33 24 1 2491 
18 3 33 24 1 1988 
19 3 33 24 1 1704 
20 3 33 24 1 1692 
21 3 33 24 1 1238 
06 3 33 22 1 633 
07 3 33 22 1 1802 
08 3 33 22 1 2642 
09 3 33 22 1 3341 
10 3 33 22 1 2927 
11 3 33 22 1 2212 
12 3 33 22 1 1762 
13 3 33 22 1 2216 
14 3 33 22 1 2389 
15 3 33 22 1 2198 
16 3 33 22 1 2200 
17 3 33 22 1 2240 
18 3 33 22 1 1908 
19 3 33 22 1 1650 
20 3 33 22 1 1468 
21 3 33 22 1 1157 
06 10 30 20 1 852 
07 10 30 20 1 1828 
08 10 30 20 1 2851 
09 10 30 20 1 3059 
10 10 30 20 1 2723 
11 10 30 20 1 2300 
12 10 30 20 1 1877 
13 10 30 20 1 2362 
14 10 30 20 1 2479 
15 10 30 20 1 2185 
16 10 30 20 1 2528 
17 10 30 20 1 2831 
18 10 30 20 1 2460 
19 10 30 20 1 1731 
20 10 30 20 1 1713 
21 10 30 20 1 1437 
06 10 30 18 1 880 
07 10 30 18 1 2147 
08 10 30 18 1 3420 
09 10 30 18 1 3406 
10 10 30 18 1 2705 
11 10 30 18 1 2321 
12 10 30 18 1 1880 
13 10 30 18 1 2117 
14 10 30 18 1 2691 
15 10 30 18 1 2607 
16 10 30 18 1 2376 
17 10 30 18 1 2818 
18 10 30 18 1 2724 
19 10 30 18 1 1942 
20 10 30 18 1 1658 
21 10 30 18 1 1122 
06 10 31 17 1 870 
07 10 31 17 1 2033 
08 10 31 17 1 3096 
09 10 31 17 1 3204 
10 10 31 17 1 3031 
11 10 31 17 1 2540 
12 10 31 17 1 1980 
13 10 31 17 1 2412 
14 10 31 17 1 2488 
15 10 31 17 1 2589 
16 10 31 17 1 2669 
17 10 31 17 1 3161 
18 10 31 17 1 2782 
19 10 31 17 1 2025 
20 10 31 17 1 1618 
21 10 31 17 1 1350 
