06 3 34 25 1 962 
07 3 34 25 1 1930 
08 3 34 25 1 2925 
09 3 34 25 1 2955 
10 3 34 25 1 2395 
11 3 34 25 1 1988 
12 3 34 25 1 1667 
13 3 34 25 1 1977 
14 3 34 25 1 1841 
15 3 34 25 1 1846 
16 3 34 25 1 1755 
17 3 34 25 1 2067 
18 3 34 25 1 1989 
19 3 34 25 1 1307 
20 3 34 25 1 1428 
21 3 34 25 1 1118 
06 11 34 25 1 757 
07 11 34 25 1 1663 
08 11 34 25 1 2034 
09 11 34 25 1 2652 
10 11 34 25 1 2264 
11 11 34 25 1 1814 
12 11 34 25 1 1759 
13 11 34 25 1 1868 
14 11 34 25 1 1961 
15 11 34 25 1 1865 
16 11 34 25 1 1798 
17 11 34 25 1 2018 
18 11 34 25 1 1709 
19 11 34 25 1 1327 
20 11 34 25 1 1581 
21 11 34 25 1 1219 
06 4 33 25 1 678 
07 4 33 25 1 1248 
08 4 33 25 1 1557 
09 4 33 25 1 1803 
10 4 33 25 1 1850 
11 4 33 25 1 1368 
12 4 33 25 1 1206 
13 4 33 25 1 1433 
14 4 33 25 1 1993 
15 4 33 25 1 1917 
16 4 33 25 1 1891 
17 4 33 25 1 2056 
18 4 33 25 1 1504 
19 4 33 25 1 1647 
20 4 33 25 1 1751 
21 4 33 25 1 1466 
06 3 32 24 1 532 
07 3 32 24 1 1375 
08 3 32 24 1 1967 
09 3 32 24 1 2119 
10 3 32 24 1 2112 
11 3 32 24 1 1737 
12 3 32 24 1 1425 
13 3 32 24 1 1509 
14 3 32 24 1 1567 
15 3 32 24 1 1624 
16 3 32 24 1 1582 
17 3 32 24 1 1546 
18 3 32 24 1 1266 
19 3 32 24 1 980 
20 3 32 24 1 1031 
21 3 32 24 1 918 
06 3 33 23 1 621 
07 3 33 23 1 1292 
08 3 33 23 1 1929 
09 3 33 23 1 2061 
10 3 33 23 1 1971 
11 3 33 23 1 1685 
12 3 33 23 1 1636 
13 3 33 23 1 1784 
14 3 33 23 1 1895 
15 3 33 23 1 1787 
16 3 33 23 1 1704 
17 3 33 23 1 1625 
18 3 33 23 1 1455 
19 3 33 23 1 1126 
20 3 33 23 1 1073 
21 3 33 23 1 843 
06 3 33 24 1 523 
07 3 33 24 1 1068 
08 3 33 24 1 1565 
09 3 33 24 1 1763 
10 3 33 24 1 1663 
11 3 33 24 1 1445 
12 3 33 24 1 1076 
13 3 33 24 1 1436 
14 3 33 24 1 1566 
15 3 33 24 1 1458 
16 3 33 24 1 1476 
17 3 33 24 1 1611 
18 3 33 24 1 1535 
19 3 33 24 1 1147 
20 3 33 24 1 858 
21 3 33 24 1 734 
06 3 33 22 1 447 
07 3 33 22 1 1069 
08 3 33 22 1 1368 
09 3 33 22 1 1474 
10 3 33 22 1 1525 
11 3 33 22 1 1120 
12 3 33 22 1 1005 
13 3 33 22 1 1238 
14 3 33 22 1 1365 
15 3 33 22 1 1298 
16 3 33 22 1 1221 
17 3 33 22 1 1370 
18 3 33 22 1 1567 
19 3 33 22 1 1007 
20 3 33 22 1 768 
21 3 33 22 1 683 
06 10 30 20 1 549 
07 10 30 20 1 1138 
08 10 30 20 1 1771 
09 10 30 20 1 1741 
10 10 30 20 1 1342 
11 10 30 20 1 1277 
12 10 30 20 1 1207 
13 10 30 20 1 1347 
14 10 30 20 1 1407 
15 10 30 20 1 1408 
16 10 30 20 1 1484 
17 10 30 20 1 1529 
18 10 30 20 1 1596 
19 10 30 20 1 1326 
20 10 30 20 1 1066 
21 10 30 20 1 899 
06 10 30 18 1 531 
07 10 30 18 1 1441 
08 10 30 18 1 2309 
09 10 30 18 1 1930 
10 10 30 18 1 1598 
11 10 30 18 1 1394 
12 10 30 18 1 1269 
13 10 30 18 1 1457 
14 10 30 18 1 1771 
15 10 30 18 1 1879 
16 10 30 18 1 1863 
17 10 30 18 1 1958 
18 10 30 18 1 1930 
19 10 30 18 1 1474 
20 10 30 18 1 1171 
21 10 30 18 1 957 
06 10 31 17 1 710 
07 10 31 17 1 1433 
08 10 31 17 1 2380 
09 10 31 17 1 2151 
10 10 31 17 1 1871 
11 10 31 17 1 1696 
12 10 31 17 1 1728 
13 10 31 17 1 1701 
14 10 31 17 1 2031 
15 10 31 17 1 2008 
16 10 31 17 1 1957 
17 10 31 17 1 2156 
18 10 31 17 1 1892 
19 10 31 17 1 1327 
20 10 31 17 1 1183 
21 10 31 17 1 832 
