06 3 34 25 1 962
07 3 34 25 1 1930
08 3 34 25 1 2925
09 3 34 25 1 2955
10 3 34 25 1 2395
11 3 34 25 1 1988
12 3 34 25 1 1667
13 3 34 25 1 1977
14 3 34 25 1 1841
15 3 34 25 1 1846
16 3 34 25 1 1755
17 3 34 25 1 2067
18 3 34 25 1 1989
19 3 34 25 1 1307
20 3 34 25 1 1428
21 3 34 25 1 1118
06 11 34 25 1 757
07 11 34 25 1 1663
08 11 34 25 1 2034
09 11 34 25 1 2652
10 11 34 25 1 2264
11 11 34 25 1 1814
12 11 34 25 1 1759
13 11 34 25 1 1868
14 11 34 25 1 1961
15 11 34 25 1 1865
16 11 34 25 1 1798
17 11 34 25 1 2018
18 11 34 25 1 1709
19 11 34 25 1 1327
20 11 34 25 1 1581
21 11 34 25 1 1219
06 4 33 25 1 678
07 4 33 25 1 1248
08 4 33 25 1 1557
09 4 33 25 1 1803
10 4 33 25 1 1850
11 4 33 25 1 1368
12 4 33 25 1 1206
13 4 33 25 1 1433
14 4 33 25 1 1993
15 4 33 25 1 1917
16 4 33 25 1 1891
17 4 33 25 1 2056
18 4 33 25 1 1504
19 4 33 25 1 1647
20 4 33 25 1 1751
21 4 33 25 1 1466
