2014080106,1003
2014080107,3303
2014080108,4109
2014080109,2707
2014080110,2003
2014080111,1579
2014080112,1554
2014080113,1678
2014080114,1858
2014080115,1862
2014080116,1892
2014080117,2863
2014080118,3159
2014080119,1914
2014080120,1537
2014080121,1228
2014080206,942
2014080207,1945
2014080208,2739
2014080209,2530
2014080210,1934
2014080211,1528
2014080212,1608
2014080213,1507
2014080214,1604
2014080215,1577
2014080216,1810
2014080217,2376
2014080218,1705
2014080219,1167
2014080220,1476
2014080221,1354
2014080306,859
2014080307,1483
2014080308,2186
2014080309,1767
2014080310,1688
2014080311,1565
2014080312,1446
2014080313,1642
2014080314,1858
2014080315,1617
2014080316,1912
2014080317,2093
2014080318,1989
2014080319,1494
2014080320,1472
2014080321,1193
2014080406,1405
2014080407,3719
2014080408,4422
2014080409,2514
2014080410,1779
2014080411,1559
2014080412,1464
2014080413,1664
2014080414,1649
2014080415,1933
2014080416,1669
2014080417,2763
2014080418,3012
2014080419,1571
2014080420,1543
2014080421,1063
2014080506,1009
2014080507,3071
2014080508,4271
2014080509,2215
2014080510,1663
2014080511,1544
2014080512,1334
2014080513,1499
2014080514,1624
2014080515,1629
2014080516,1781
2014080517,2587
2014080518,2857
2014080519,1792
2014080520,1085
2014080521,953
2014080606,979
2014080607,2888
2014080608,4055
2014080609,2535
2014080610,1901
2014080611,1682
2014080612,1667
2014080613,1576
2014080614,1988
2014080615,2041
2014080616,1957
2014080617,2854
2014080618,2982
2014080619,1833
2014080620,1388
2014080621,1156
2014080706,1068
2014080707,3205
2014080708,4110
2014080709,2878
2014080710,2246
2014080711,1698
2014080712,1563
2014080713,1519
2014080714,1428
2014080715,1657
2014080716,1814
2014080717,2830
2014080718,2984
2014080719,1997
2014080720,1345
2014080721,1033
2014080806,1078
2014080807,3259
2014080808,3899
2014080809,2730
2014080810,1991
2014080811,1759
2014080812,1631
2014080813,1805
2014080814,1867
2014080815,1883
2014080816,2164
2014080817,2818
2014080818,3177
2014080819,2111
2014080820,1274
2014080821,1389
2014080906,926
2014080907,1897
2014080908,2756
2014080909,2477
2014080910,1992
2014080911,1618
2014080912,1581
2014080913,1585
2014080914,1562
2014080915,1534
2014080916,1577
2014080917,1809
2014080918,1989
2014080919,1128
2014080920,1012
2014080921,976
2014081006,704
2014081007,1503
2014081008,2158
2014081009,2122
2014081010,2104
2014081011,1771
2014081012,1750
2014081013,1647
2014081014,1807
2014081015,1746
2014081016,1787
2014081017,2068
2014081018,1658
2014081019,1683
2014081020,1506
2014081021,1168
2014081306,44
2014081307,52
2014081308,96
2014081309,68
2014081310,39
2014081311,47
2014081312,40
2014081313,22
2014081314,6
2014081321,4
2014081406,1019
2014081407,3434
2014081408,4018
2014081409,2289
2014081410,1910
2014081411,1895
2014081412,1416
2014081413,1485
2014081414,1827
2014081415,1817
2014081416,2071
2014081417,2705
2014081418,3122
2014081419,1848
2014081420,1290
2014081421,1008
2014081521,14
2014081606,880
2014081607,1943
2014081608,2699
2014081609,2342
2014081610,1867
2014081611,1653
2014081612,1548
2014081613,1806
2014081614,1883
2014081615,1801
2014081616,1814
2014081617,2279
2014081618,1826
2014081619,1631
2014081620,1460
2014081621,1232
2014081706,833
2014081707,1692
2014081708,2312
2014081709,2333
2014081710,1965
2014081711,1806
2014081712,1556
2014081713,1707
2014081714,1935
2014081715,1805
2014081716,1834
2014081717,2056
2014081718,2128
2014081719,1385
2014081720,1474
2014081721,1243
2014081807,39
2014081906,1078
2014081907,3619
2014081908,4331
2014081909,2615
2014081910,1824
2014081911,1651
2014081912,1460
2014081913,1279
2014081914,1222
2014081915,1774
2014081916,1779
2014081917,2104
2014081918,3008
2014081919,2091
2014081920,1609
2014081921,1545
2014082006,991
2014082007,2901
2014082008,3242
2014082009,2576
2014082010,1383
2014082011,1272
2014082012,1049
2014082013,1021
2014082014,1203
2014082015,1382
2014082016,1721
2014082017,2421
2014082018,2799
2014082019,1526
2014082020,1105
2014082021,929
2014082106,884
2014082107,2821
2014082108,4008
2014082109,2541
2014082110,1931
2014082111,1743
2014082112,1462
2014082113,1275
2014082114,1357
2014082115,1355
2014082116,1785
2014082117,2553
2014082118,2352
2014082119,1341
2014082120,955
2014082121,991
2014082206,1034
2014082207,3093
2014082208,3922
2014082209,2565
2014082210,2075
2014082211,1633
2014082212,1153
2014082213,1719
2014082214,1980
2014082215,2065
2014082216,1716
2014082217,2788
2014082218,3231
2014082219,1900
2014082220,1498
2014082221,1351
2014082306,897
2014082307,2060
2014082308,3125
2014082309,2565
2014082310,2082
2014082311,1749
2014082312,1677
2014082313,1956
2014082314,2173
2014082315,2084
2014082316,1892
2014082317,2163
2014082318,2374
2014082319,1644
2014082320,1339
2014082321,1078
2014082406,1065
2014082407,1761
2014082408,2426
2014082409,2331
2014082410,1855
2014082411,1980
2014082412,1483
2014082413,1688
2014082414,1943
2014082415,1907
2014082416,1927
2014082417,2318
2014082418,1965
2014082419,1722
2014082420,1594
2014082421,1284
2014082506,1748
2014082507,3882
2014082508,4622
2014082509,2757
2014082510,2007
2014082511,1849
2014082512,1550
2014082513,1783
2014082514,1878
2014082515,1627
2014082516,2127
2014082517,3009
2014082518,3395
2014082519,2064
2014082520,1498
2014082521,1022
2014082606,1094
2014082607,3397
2014082608,4097
2014082609,3015
2014082610,2157
2014082611,1540
2014082612,1547
2014082613,1736
2014082614,1658
2014082615,1890
2014082616,1913
2014082617,2763
2014082618,3217
2014082619,1763
2014082620,1372
2014082621,1226
2014082706,1349
2014082707,3137
2014082708,4000
2014082709,2606
2014082710,1804
2014082711,1750
2014082712,1201
2014082713,1798
2014082714,1655
2014082715,1923
2014082716,2170
2014082717,3180
2014082718,3026
2014082719,1914
2014082720,1439
2014082721,1055
2014082806,1342
2014082807,3296
2014082808,4426
2014082809,2851
2014082810,2042
2014082811,1889
2014082812,1649
2014082813,1330
2014082814,1446
2014082815,1488
2014082816,1727
2014082817,2591
2014082818,2753
2014082819,1462
2014082820,1250
2014082821,1057
2014082906,1387
2014082907,3095
2014082908,3989
2014082909,2906
2014082910,2112
2014082911,1900
2014082912,1684
2014082913,1614
2014082914,1891
2014082915,1864
2014082916,2111
2014082917,2788
2014082918,2929
2014082919,1862
2014082920,1327
2014082921,1032
2014083006,1180
2014083007,2270
2014083008,3060
2014083009,2641
2014083010,2005
2014083011,1956
2014083012,1666
2014083013,1953
2014083014,1935
2014083015,1711
2014083016,1997
2014083017,2446
2014083018,2333
2014083019,1739
2014083020,1533
2014083021,1138
2014083106,778
2014083107,1681
2014083108,2336
2014083109,2336
2014083110,2097
2014083111,1985
2014083112,1709
2014083113,1654
2014083114,2110
2014083115,2002
2014083116,2169
2014083117,2077
2014083118,2030
2014083119,1516
2014083120,1301
2014083121,926
2014090106,1726
2014090107,4164
2014090108,4257
2014090109,2705
2014090110,2285
2014090111,1737
2014090112,1603
2014090113,1596
2014090114,1761
2014090115,1926
2014090116,2425
2014090117,3127
2014090118,3414
2014090119,1568
2014090120,1411
2014090121,1164
2014090206,1804
2014090207,4151
2014090208,4170
2014090209,2813
2014090210,1955
2014090211,1608
2014090212,1429
2014090213,1579
2014090214,1899
2014090215,2055
2014090216,2329
2014090217,3374
2014090218,3385
2014090219,1778
2014090220,1374
2014090221,1177
2014090306,1612
2014090307,4120
2014090308,4566
2014090309,2860
2014090310,2155
2014090311,1698
2014090312,1483
2014090313,1731
2014090314,1756
2014090315,1990
2014090316,2507
2014090317,3083
2014090318,3444
2014090319,1853
2014090320,1369
2014090321,1100
2014090406,1735
2014090407,4013
2014090408,4141
2014090409,2657
2014090410,2220
2014090411,1899
2014090412,1400
2014090413,1807
2014090414,1915
2014090415,1978
2014090416,2363
2014090417,3572
2014090418,3374
2014090419,2096
2014090420,1618
2014090421,1210
2014090506,1748
2014090507,3790
2014090508,4371
2014090509,2890
2014090510,1788
2014090511,1597
2014090512,1507
2014090513,1720
2014090514,1897
2014090515,2031
2014090516,2498
2014090517,3011
2014090518,3167
2014090519,2040
2014090520,1836
2014090521,1325
2014090606,962
2014090607,1930
2014090608,2925
2014090609,2955
2014090610,2395
2014090611,1988
2014090612,1667
2014090613,1977
2014090614,1841
2014090615,1846
2014090616,1755
2014090617,2067
2014090618,1989
2014090619,1307
2014090620,1428
2014090621,1118
2014090706,757
2014090707,1663
2014090708,2034
2014090709,2652
2014090710,2264
2014090711,1814
2014090712,1759
2014090713,1868
2014090714,1961
2014090715,1865
2014090716,1798
2014090717,2018
2014090718,1709
2014090719,1327
2014090720,1581
2014090721,1219
2014090806,678
2014090807,1248
2014090808,1557
2014090809,1803
2014090810,1850
2014090811,1368
2014090812,1206
2014090813,1433
2014090814,1993
2014090815,1917
2014090816,1891
2014090817,2056
2014090818,1504
2014090819,1647
2014090820,1751
2014090821,1466
2014090906,1722
2014090907,3725
2014090908,4192
2014090909,2440
2014090910,2130
2014090911,1726
2014090912,1642
2014090913,1867
2014090914,1756
2014090915,1800
2014090916,2325
2014090917,2938
2014090918,3143
2014090919,1803
2014090920,1403
2014090921,1066
2014091006,1559
2014091007,3951
2014091008,4461
2014091009,2914
2014091010,1951
2014091011,1817
2014091012,1686
2014091013,1508
2014091014,1941
2014091015,2011
2014091016,2514
2014091017,3609
2014091018,3501
2014091019,1870
2014091020,1471
2014091021,1222
2014091106,1674
2014091107,3618
2014091108,4229
2014091109,2496
2014091110,1926
2014091111,1691
2014091112,1501
2014091113,1581
2014091114,1990
2014091115,1784
2014091116,2113
2014091117,3130
2014091118,3191
2014091119,1866
2014091120,1511
2014091121,1181
2014091206,1977
2014091207,4287
2014091208,4775
2014091209,2881
2014091210,1988
2014091211,1962
2014091212,1788
2014091213,1869
2014091214,1982
2014091215,2056
2014091216,2541
2014091217,3358
2014091218,3646
2014091219,1915
2014091220,1578
2014091221,1352
2014091306,1100
2014091307,2184
2014091308,3023
2014091309,2687
2014091310,2232
2014091311,2075
2014091312,1933
2014091313,1688
2014091314,2047
2014091315,2096
2014091316,2241
2014091317,2491
2014091318,2183
2014091319,1593
2014091320,1310
2014091321,1082
2014091406,995
2014091407,1714
2014091408,2318
2014091409,2581
2014091410,2220
2014091411,1761
2014091412,1967
2014091413,1962
2014091414,1960
2014091415,2073
2014091416,2152
2014091417,2158
2014091418,2264
2014091419,1712
2014091420,1367
2014091421,1109
2014091506,1726
2014091507,4422
2014091508,4666
2014091509,2969
2014091510,2071
2014091511,1777
2014091512,1319
2014091513,1532
2014091514,1621
2014091515,1873
2014091516,2544
2014091517,3540
2014091518,2875
2014091519,1821
2014091520,1234
2014091521,971
2014091606,1677
2014091607,4426
2014091608,4350
2014091609,2728
2014091610,1695
2014091611,1432
2014091612,1339
2014091613,1414
2014091614,1664
2014091615,1679
2014091616,2234
2014091617,3168
2014091618,3025
2014091619,1619
2014091620,1106
2014091621,1021
2014091706,1644
2014091707,3928
2014091708,4708
2014091709,2774
2014091710,1730
2014091711,1511
2014091712,1304
2014091713,1599
2014091714,1746
2014091715,1985
2014091716,2310
2014091717,3186
2014091718,3250
2014091719,1834
2014091720,1308
2014091721,1106
2014091806,1370
2014091807,3698
2014091808,4115
2014091809,2626
2014091810,1938
2014091811,1580
2014091812,1351
2014091813,1575
2014091814,1883
2014091815,1568
2014091816,2089
2014091817,3028
2014091818,3118
2014091819,1673
2014091820,1020
2014091821,953
2014091906,1687
2014091907,3747
2014091908,3975
2014091909,2455
2014091910,1823
2014091911,1545
2014091912,1300
2014091913,1541
2014091914,1520
2014091915,1674
2014091916,2119
2014091917,2808
2014091918,2961
2014091919,1990
2014091920,1431
2014091921,1182
2014092006,791
2014092007,1916
2014092008,2911
2014092009,2453
2014092010,1932
2014092011,1696
2014092012,1695
2014092013,1744
2014092014,1668
2014092015,1834
2014092016,2014
2014092017,2105
2014092018,2096
2014092019,1420
2014092020,1113
2014092021,1053
2014092106,534
2014092107,1354
2014092108,2195
2014092109,2312
2014092110,1838
2014092111,1703
2014092112,1806
2014092113,1759
2014092114,2140
2014092115,2138
2014092116,1974
2014092117,2233
2014092118,1974
2014092119,1656
2014092120,1295
2014092121,956
2014092206,1289
2014092207,3601
2014092208,4346
2014092209,2534
2014092210,1860
2014092211,1497
2014092212,1405
2014092213,1374
2014092214,1939
2014092215,1894
2014092216,2430
2014092217,3063
2014092218,3144
2014092219,1708
2014092220,1202
2014092221,924
2014092306,1519
2014092307,3660
2014092308,3800
2014092309,2456
2014092310,1776
2014092311,1456
2014092312,1234
2014092313,1410
2014092314,1495
2014092315,1684
2014092316,1890
2014092317,2855
2014092318,2999
2014092319,1613
2014092320,1318
2014092321,1040
2014092406,1620
2014092407,4081
2014092408,4032
2014092409,2624
2014092410,2142
2014092411,1650
2014092412,1516
2014092413,1641
2014092414,1651
2014092415,1864
2014092416,2151
2014092417,2749
2014092418,3132
2014092419,1799
2014092420,1265
2014092421,978
2014092506,1334
2014092507,3790
2014092508,3928
2014092509,2442
2014092510,1964
2014092511,1528
2014092512,1332
2014092513,1659
2014092514,1759
2014092515,1745
2014092516,2249
2014092517,3337
2014092518,2827
2014092519,1859
2014092520,1282
2014092521,1032
2014092606,1467
2014092607,3936
2014092608,4369
2014092609,2580
2014092610,1776
2014092611,1544
2014092612,1472
2014092613,1653
2014092614,1664
2014092615,1897
2014092616,2080
2014092617,3284
2014092618,3095
2014092619,1745
2014092620,1246
2014092621,1092
2014092706,735
2014092707,1903
2014092708,2524
2014092709,2689
2014092710,1981
2014092711,1889
2014092712,1530
2014092713,1737
2014092714,1900
2014092715,1572
2014092716,1713
2014092717,1808
2014092718,1958
2014092719,1425
2014092720,1340
2014092721,948
2014092806,1151
2014092807,3412
2014092808,3528
2014092809,2207
2014092810,1714
2014092811,1311
2014092812,1166
2014092813,1345
2014092814,1438
2014092815,1655
2014092816,2094
2014092817,2897
2014092818,2854
2014092819,1450
2014092820,1049
2014092821,959
2014092906,1236
2014092907,3501
2014092908,3835
2014092909,2300
2014092910,1584
2014092911,1338
2014092912,1059
2014092913,1404
2014092914,1557
2014092915,1627
2014092916,1950
2014092917,2916
2014092918,2911
2014092919,1842
2014092920,1140
2014092921,949
2014093006,916
2014093007,2577
2014093008,3266
2014093009,2212
2014093010,1901
2014093011,1453
2014093012,1291
2014093013,1335
2014093014,1466
2014093015,1583
2014093016,2295
2014093017,3306
2014093018,2712
2014093019,1716
2014093020,1363
2014093021,1112
2014100106,532
2014100107,1375
2014100108,1967
2014100109,2119
2014100110,2112
2014100111,1737
2014100112,1425
2014100113,1509
2014100114,1567
2014100115,1624
2014100116,1582
2014100117,1546
2014100118,1266
2014100119,980
2014100120,1031
2014100121,918
2014100206,621
2014100207,1292
2014100208,1929
2014100209,2061
2014100210,1971
2014100211,1685
2014100212,1636
2014100213,1784
2014100214,1895
2014100215,1787
2014100216,1704
2014100217,1625
2014100218,1455
2014100219,1126
2014100220,1073
2014100221,843
2014100306,523
2014100307,1068
2014100308,1565
2014100309,1763
2014100310,1663
2014100311,1445
2014100312,1076
2014100313,1436
2014100314,1566
2014100315,1458
2014100316,1476
2014100317,1611
2014100318,1535
2014100319,1147
2014100320,858
2014100321,734
2014100406,447
2014100407,1069
2014100408,1368
2014100409,1474
2014100410,1525
2014100411,1120
2014100412,1005
2014100413,1238
2014100414,1365
2014100415,1298
2014100416,1221
2014100417,1370
2014100418,1567
2014100419,1007
2014100420,768
2014100421,683
2014100506,549
2014100507,1138
2014100508,1771
2014100509,1741
2014100510,1342
2014100511,1277
2014100512,1207
2014100513,1347
2014100514,1407
2014100515,1408
2014100516,1484
2014100517,1529
2014100518,1596
2014100519,1326
2014100520,1066
2014100521,899
2014100606,531
2014100607,1441
2014100608,2309
2014100609,1930
2014100610,1598
2014100611,1394
2014100612,1269
2014100613,1457
2014100614,1771
2014100615,1879
2014100616,1863
2014100617,1958
2014100618,1930
2014100619,1474
2014100620,1171
2014100621,957
2014100706,710
2014100707,1433
2014100708,2380
2014100709,2151
2014100710,1871
2014100711,1696
2014100712,1728
2014100713,1701
2014100714,2031
2014100715,2008
2014100716,1957
2014100717,2156
2014100718,1892
2014100719,1327
2014100720,1183
2014100721,832
2014100806,1508
2014100807,3666
2014100808,3751
2014100809,2364
2014100810,1757
2014100811,1470
2014100812,1429
2014100813,1389
2014100814,1625
2014100815,1688
2014100816,1989
2014100817,2966
2014100818,2811
2014100819,1651
2014100820,970
2014100821,901
2014100906,1155
2014100907,3591
2014100908,3449
2014100909,2310
2014100910,1706
2014100911,1263
2014100912,1245
2014100913,1427
2014100914,1503
2014100915,1971
2014100916,2224
2014100917,3161
2014100918,3075
2014100919,1422
2014100920,1308
2014100921,850
2014101006,931
2014101007,3381
2014101008,3610
2014101009,2636
2014101010,1753
2014101011,1661
2014101012,1285
2014101013,1319
2014101014,1748
2014101015,1810
2014101016,2153
2014101017,3104
2014101018,2694
2014101019,1400
2014101020,1336
2014101021,680
2014101106,1186
2014101107,3114
2014101108,3822
2014101109,2365
2014101110,1742
2014101111,1387
2014101112,1346
2014101113,1538
2014101114,1509
2014101115,1474
2014101116,1910
2014101117,2755
2014101118,2502
2014101119,1563
2014101120,1225
2014101121,857
2014101206,493
2014101207,1389
2014101208,1946
2014101209,2043
2014101210,1974
2014101211,1698
2014101212,1470
2014101213,1885
2014101214,1852
2014101215,1724
2014101216,1983
2014101217,1897
2014101218,1731
2014101219,1029
2014101220,907
2014101221,730
2014101306,1223
2014101307,3690
2014101308,3898
2014101309,2741
2014101310,1921
2014101311,1300
2014101312,1198
2014101313,1293
2014101314,1465
2014101315,1604
2014101316,1928
2014101317,2780
2014101318,2742
2014101319,1319
2014101320,885
2014101321,679
2014101406,1068
2014101407,3429
2014101408,3647
2014101409,2384
2014101410,1523
2014101411,1396
2014101412,1269
2014101413,1222
2014101414,1571
2014101415,1714
2014101416,2042
2014101417,2851
2014101418,2753
2014101419,1305
2014101420,998
2014101421,688
2014101506,1246
2014101507,3131
2014101508,4065
2014101509,2376
2014101510,1746
2014101511,1405
2014101512,1311
2014101513,1594
2014101514,1679
2014101515,1831
2014101516,2301
2014101517,2966
2014101518,3225
2014101519,1565
2014101520,1124
2014101521,1027
2014101606,1216
2014101607,3093
2014101608,3530
2014101609,2082
2014101610,1551
2014101611,1414
2014101612,1129
2014101613,1434
2014101614,1408
2014101615,1738
2014101616,2175
2014101617,2810
2014101618,2888
2014101619,1360
2014101620,1099
2014101621,913
2014101706,1334
2014101707,3620
2014101708,3487
2014101709,2588
2014101710,1734
2014101711,1460
2014101712,1261
2014101713,1474
2014101714,1469
2014101715,1885
2014101716,2128
2014101717,2861
2014101718,3039
2014101719,1703
2014101720,1253
2014101721,1058
2014101806,860
2014101807,1937
2014101808,2652
2014101809,2489
2014101810,2147
2014101811,2047
2014101812,1861
2014101813,2048
2014101814,1871
2014101815,1774
2014101816,1887
2014101817,2267
2014101818,2089
2014101819,1356
2014101820,1312
2014101821,1122
2014101906,565
2014101907,1197
2014101908,1560
2014101909,1860
2014101910,1808
2014101911,1667
2014101912,1595
2014101913,1703
2014101914,1897
2014101915,1926
2014101916,1990
2014101917,1972
2014101918,2037
2014101919,1600
2014101920,1132
2014101921,1107
2014102006,1367
2014102007,3015
2014102008,3487
2014102009,2251
2014102010,1755
2014102011,1381
2014102012,1288
2014102013,1552
2014102014,1574
2014102015,1590
2014102016,1854
2014102017,2712
2014102018,3247
2014102019,1406
2014102020,904
2014102021,764
2014102106,1140
2014102107,3608
2014102108,3887
2014102109,2382
2014102110,1522
2014102111,1143
2014102112,1087
2014102113,1243
2014102114,1349
2014102115,1605
2014102116,2222
2014102117,2964
2014102118,2954
2014102119,1690
2014102120,997
2014102121,861
2014102206,1197
2014102207,3490
2014102208,3868
2014102209,2296
2014102210,1576
2014102211,1394
2014102212,1306
2014102213,1300
2014102214,1711
2014102215,1787
2014102216,2092
2014102217,2660
2014102218,2648
2014102219,1597
2014102220,1032
2014102221,974
2014102306,1133
2014102307,3503
2014102308,3685
2014102309,2350
2014102310,1507
2014102311,1447
2014102312,1126
2014102313,1402
2014102314,1563
2014102315,1655
2014102316,2066
2014102317,2792
2014102318,2770
2014102319,1462
2014102320,1185
2014102321,917
2014102406,943
2014102407,3298
2014102408,3807
2014102409,2579
2014102410,1876
2014102411,1609
2014102412,1453
2014102413,1564
2014102414,1754
2014102415,2055
2014102416,2399
2014102417,3232
2014102418,2952
2014102419,1689
2014102420,1276
2014102421,1125
2014102506,639
2014102507,1757
2014102508,2610
2014102509,2132
2014102510,1959
2014102511,1832
2014102512,1549
2014102513,1712
2014102514,1991
2014102515,1858
2014102516,1968
2014102517,2086
2014102518,1862
2014102519,1299
2014102520,1076
2014102521,1101
2014102606,483
2014102607,1424
2014102608,1997
2014102609,1844
2014102610,1823
2014102611,1836
2014102612,1697
2014102613,1945
2014102614,2132
2014102615,2061
2014102616,2119
2014102617,2242
2014102618,1925
2014102619,1509
2014102620,1285
2014102621,1092
2014102706,1345
2014102707,3819
2014102708,3731
2014102709,2408
2014102710,1547
2014102711,1398
2014102712,1292
2014102713,1453
2014102714,1452
2014102715,1788
2014102716,1978
2014102717,2895
2014102718,3044
2014102719,1366
2014102720,1039
2014102721,765
2014102806,1382
2014102807,3517
2014102808,4121
2014102809,2533
2014102810,1691
2014102811,1533
2014102812,1385
2014102813,1432
2014102814,1795
2014102815,1725
2014102816,2377
2014102817,3172
2014102818,3062
2014102819,1450
2014102820,1258
2014102821,915
2014102906,1352
2014102907,3835
2014102908,4110
2014102909,2317
2014102910,1948
2014102911,1299
2014102912,1270
2014102913,1429
2014102914,1558
2014102915,1871
2014102916,2308
2014102917,3158
2014102918,2993
2014102919,1594
2014102920,1063
2014102921,1026
2014103006,1394
2014103007,3510
2014103008,3795
2014103009,2512
2014103010,1865
2014103011,1436
2014103012,1346
2014103013,1450
2014103014,1942
2014103015,1817
2014103016,2460
2014103017,3335
2014103018,2980
2014103019,1436
2014103020,1107
2014103021,931
2014103106,1369
2014103107,3514
2014103108,3697
2014103109,2365
2014103110,1793
2014103111,1506
2014103112,1411
2014103113,1652
2014103114,1688
2014103115,2126
2014103116,2528
2014103117,3264
2014103118,3462
2014103119,1885
2014103120,1326
2014103121,1151
2014110106,719
2014110107,1676
2014110108,2819
2014110109,2350
2014110110,2222
2014110111,1933
2014110112,1808
2014110113,1879
2014110114,1941
2014110115,1962
2014110116,1956
2014110117,2285
2014110118,2116
2014110119,1252
2014110120,1105
2014110121,1090
2014110206,531
2014110207,1301
2014110208,2026
2014110209,2090
2014110210,2018
2014110211,1794
2014110212,1793
2014110213,2165
2014110214,2135
2014110215,2262
2014110216,2014
2014110217,2078
2014110218,1990
2014110219,1464
2014110220,1142
2014110221,945
2014110306,1419
2014110307,3610
2014110308,3990
2014110309,2536
2014110310,1715
2014110311,1448
2014110312,1353
2014110313,1491
2014110314,1657
2014110315,1875
2014110316,2306
2014110317,3345
2014110318,3053
2014110319,1439
2014110320,1174
2014110321,726
2014110406,1228
2014110407,3297
2014110408,3819
2014110409,2316
2014110410,1743
2014110411,1465
2014110412,1462
2014110413,1503
2014110414,1833
2014110415,1855
2014110416,2252
2014110417,3096
2014110418,3058
2014110419,1542
2014110420,1135
2014110421,1084
2014110506,1016
2014110507,3519
2014110508,4056
2014110509,2554
2014110510,1935
2014110511,1816
2014110512,1536
2014110513,1626
2014110514,1700
2014110515,1996
2014110516,2191
2014110517,3166
2014110518,2791
2014110519,1415
2014110520,998
2014110521,759
2014110606,897
2014110607,3039
2014110608,3189
2014110609,2258
2014110610,1239
2014110611,1027
2014110612,1133
2014110613,1432
2014110614,1476
2014110615,1612
2014110616,2141
2014110617,2862
2014110618,2541
2014110619,1400
2014110620,945
2014110621,839
2014110706,1041
2014110707,3260
2014110708,3741
2014110709,2292
2014110710,1593
2014110711,1376
2014110712,1437
2014110713,1595
2014110714,1837
2014110715,2066
2014110716,2306
2014110717,3077
2014110718,2851
2014110719,1793
2014110720,1214
2014110721,966
2014110806,592
2014110807,1388
2014110808,1948
2014110809,1597
2014110810,1801
2014110811,1599
2014110812,1581
2014110813,1612
2014110814,1726
2014110815,1876
2014110816,1793
2014110817,2033
2014110818,2107
2014110819,1544
2014110820,1059
2014110821,943
2014110906,502
2014110907,1142
2014110908,1548
2014110909,1811
2014110910,1738
2014110911,1722
2014110912,1727
2014110913,1702
2014110914,2142
2014110915,1896
2014110916,2117
2014110917,2009
2014110918,1806
2014110919,1403
2014110920,1225
2014110921,867
2014111006,1322
2014111007,3347
2014111008,4032
2014111009,2418
2014111010,1940
2014111011,1508
2014111012,1305
2014111013,1483
2014111014,1662
2014111015,1933
2014111016,2147
2014111017,2949
2014111018,2925
2014111019,1439
2014111020,1020
2014111021,817
2014111106,1259
2014111107,3801
2014111108,3987
2014111109,2702
2014111110,1677
2014111111,1776
2014111112,1583
2014111113,1680
2014111114,1762
2014111115,1654
2014111116,2332
2014111117,3043
2014111118,2875
2014111119,1600
2014111120,991
2014111121,991
2014111206,1217
2014111207,3157
2014111208,3471
2014111209,2285
2014111210,1732
2014111211,1405
2014111212,1342
2014111213,1534
2014111214,1726
2014111215,2041
2014111216,2262
2014111217,2872
2014111218,3125
2014111219,1314
2014111220,1197
2014111221,1036
2014111306,1162
2014111307,3646
2014111308,4031
2014111309,2677
2014111310,1892
2014111311,1756
2014111312,1479
2014111313,1450
2014111314,1665
2014111315,1678
2014111316,1942
2014111317,2768
2014111318,2740
2014111319,1226
2014111320,992
2014111321,832
2014111406,1168
2014111407,3540
2014111408,3910
2014111409,2511
2014111410,2152
2014111411,1596
2014111412,1828
2014111413,1713
2014111414,2032
2014111415,2110
2014111416,2459
2014111417,3414
2014111418,3373
2014111419,2012
2014111420,1359
2014111421,1108
2014111506,692
2014111507,1882
2014111508,3058
2014111509,2743
2014111510,2233
2014111511,1948
2014111512,1924
2014111513,1914
2014111514,2257
2014111515,1961
2014111516,1938
2014111517,2224
2014111518,1868
2014111519,1503
2014111520,1453
2014111521,994
2014111606,475
2014111607,1245
2014111608,1726
2014111609,1677
2014111610,1813
2014111611,2001
2014111612,1540
2014111613,2140
2014111614,2183
2014111615,2227
2014111616,2141
2014111617,2375
2014111618,2064
2014111619,1399
2014111620,1378
2014111621,1225
2014111706,1321
2014111707,4040
2014111708,4197
2014111709,2836
2014111710,2124
2014111711,1588
2014111712,1517
2014111713,1582
2014111714,1859
2014111715,1841
2014111716,2661
2014111717,3325
2014111718,3161
2014111719,1589
2014111720,1155
2014111721,916
2014111806,1196
2014111807,3858
2014111808,4201
2014111809,2636
2014111810,1880
2014111811,1855
2014111812,1383
2014111813,1883
2014111814,1776
2014111815,1946
2014111816,2380
2014111817,3282
2014111818,3199
2014111819,1518
2014111820,1255
2014111821,890
2014111906,1422
2014111907,3668
2014111908,4346
2014111909,2594
2014111910,1791
2014111911,1806
2014111912,1526
2014111913,1812
2014111914,1887
2014111915,1801
2014111916,2390
2014111917,2975
2014111918,3239
2014111919,1683
2014111920,1219
2014111921,1108
2014112006,1318
2014112007,3622
2014112008,4046
2014112009,2807
2014112010,1811
2014112011,1647
2014112012,1515
2014112013,1662
2014112014,1894
2014112015,2009
2014112016,2431
2014112017,3534
2014112018,2951
2014112019,1691
2014112020,1232
2014112021,1290
2014112106,1134
2014112107,3425
2014112108,4007
2014112109,2928
2014112110,2082
2014112111,1817
2014112112,1603
2014112113,1699
2014112114,2024
2014112115,2104
2014112116,2473
2014112117,3304
2014112118,3391
2014112119,1620
2014112120,1264
2014112121,1177
2014112206,752
2014112207,1881
2014112208,2754
2014112209,2344
2014112210,2456
2014112211,2020
2014112212,1901
2014112213,2258
2014112214,2330
2014112215,2088
2014112216,2168
2014112217,2434
2014112218,2362
2014112219,1438
2014112220,1367
2014112221,1310
2014112306,554
2014112307,1427
2014112308,1800
2014112309,2094
2014112310,2068
2014112311,1974
2014112312,1668
2014112313,1947
2014112314,2372
2014112315,2292
2014112316,2575
2014112317,2320
2014112318,2067
2014112319,1514
2014112320,1296
2014112321,1117
2014112406,1338
2014112407,4025
2014112408,4592
2014112409,2512
2014112410,2088
2014112411,1540
2014112412,1462
2014112413,1547
2014112414,1765
2014112415,1961
2014112416,2561
2014112417,3417
2014112418,3500
2014112419,1484
2014112420,1362
2014112421,1531
2014112506,1247
2014112507,3508
2014112508,4224
2014112509,2596
2014112510,2016
2014112511,1551
2014112512,1278
2014112513,1677
2014112514,1531
2014112515,1779
2014112516,2040
2014112517,3074
2014112518,3329
2014112519,1612
2014112520,1134
2014112521,1151
2014112606,1228
2014112607,3130
2014112608,3739
2014112609,2206
2014112610,1757
2014112611,1511
2014112612,1369
2014112613,1587
2014112614,1852
2014112615,1735
2014112616,2230
2014112617,2923
2014112618,2735
2014112619,1603
2014112620,1339
2014112621,1218
2014112706,1351
2014112707,3702
2014112708,4011
2014112709,2496
2014112710,1834
2014112711,1428
2014112712,1259
2014112713,1354
2014112714,1503
2014112715,1613
2014112716,2245
2014112717,2981
2014112718,2909
2014112719,1468
2014112720,1099
2014112721,1027
2014112806,1508
2014112807,3598
2014112808,3978
2014112809,2508
2014112810,1834
2014112811,1806
2014112812,1636
2014112813,1675
2014112814,1924
2014112815,1815
2014112816,2317
2014112817,3317
2014112818,2635
2014112819,1640
2014112820,1427
2014112821,1353
2014112906,561
2014112907,1699
2014112908,2551
2014112909,2459
2014112910,1935
2014112911,1859
2014112912,1829
2014112913,1951
2014112914,2016
2014112915,1826
2014112916,1941
2014112917,2704
2014112918,2338
2014112919,1426
2014112920,1403
2014112921,1252
2014113006,537
2014113007,1339
2014113008,1901
2014113009,2041
2014113010,2161
2014113011,1877
2014113012,1842
2014113013,2032
2014113014,1993
2014113015,2286
2014113016,2306
2014113017,2169
2014113018,2098
2014113019,1491
2014113020,1345
2014113021,989
2014120106,1512
2014120107,3816
2014120108,4277
2014120109,2390
2014120110,1830
2014120111,1286
2014120112,1292
2014120113,1488
2014120114,1626
2014120115,1786
2014120116,2251
2014120117,3154
2014120118,2968
2014120119,1369
2014120120,1106
2014120121,879
2014120206,1143
2014120207,3634
2014120208,3954
2014120209,2326
2014120210,1775
2014120211,1639
2014120212,1558
2014120213,1713
2014120214,1753
2014120215,1931
2014120216,2078
2014120217,3228
2014120218,2601
2014120219,1179
2014120220,994
2014120221,1136
2014120306,1057
2014120307,3226
2014120308,3908
2014120309,2249
2014120310,1667
2014120311,1507
2014120312,1291
2014120313,1543
2014120314,1739
2014120315,1833
2014120316,2118
2014120317,3107
2014120318,2941
2014120319,1467
2014120320,1105
2014120321,785
2014120406,1009
2014120407,3040
2014120408,3678
2014120409,2338
2014120410,1965
2014120411,1474
2014120412,1483
2014120413,1570
2014120414,1639
2014120415,1998
2014120416,2047
2014120417,2798
2014120418,2922
2014120419,1290
2014120420,1016
2014120421,704
2014120506,1269
2014120507,3262
2014120508,3978
2014120509,2200
2014120510,2013
2014120511,1801
2014120512,1720
2014120513,1989
2014120514,1862
2014120515,2155
2014120516,2614
2014120517,3258
2014120518,3310
2014120519,1763
2014120520,1315
2014120521,1287
2014120606,631
2014120607,1818
2014120608,2785
2014120609,2438
2014120610,2194
2014120611,2206
2014120612,1882
2014120613,2350
2014120614,2432
2014120615,2201
2014120616,2199
2014120617,2329
2014120618,2473
2014120619,1486
2014120620,1262
2014120621,1086
2014120706,530
2014120707,1237
2014120708,1763
2014120709,1599
2014120710,1575
2014120711,1692
2014120712,1683
2014120713,1753
2014120714,1967
2014120715,1874
2014120716,1707
2014120717,1914
2014120718,1611
2014120719,1143
2014120720,1156
2014120721,738
2014120806,996
2014120807,3427
2014120808,3677
2014120809,2267
2014120810,1825
2014120811,1564
2014120812,1457
2014120813,1349
2014120814,1785
2014120815,1668
2014120816,2067
2014120817,2956
2014120818,2911
2014120819,1365
2014120820,1286
2014120821,1048
2014120906,1050
2014120907,3087
2014120908,3932
2014120909,2685
2014120910,2028
2014120911,1914
2014120912,1299
2014120913,1597
2014120914,1891
2014120915,1835
2014120916,2123
2014120917,3229
2014120918,3319
2014120919,1523
2014120920,1420
2014120921,1046
2014121006,1171
2014121007,3639
2014121008,4227
2014121009,2504
2014121010,1979
2014121011,1850
2014121012,1420
2014121013,1892
2014121014,2106
2014121015,2131
2014121016,2384
2014121017,3457
2014121018,2954
2014121019,1730
2014121020,1260
2014121021,1087
2014121106,1034
2014121107,3400
2014121108,3719
2014121109,2606
2014121110,1909
2014121111,1594
2014121112,1471
2014121113,1821
2014121114,1917
2014121115,2059
2014121116,2674
2014121117,3361
2014121118,2867
2014121119,1669
2014121120,1284
2014121121,1056
2014121206,1048
2014121207,3556
2014121208,3911
2014121209,2719
2014121210,1975
2014121211,1631
2014121212,1574
2014121213,1738
2014121214,1939
2014121215,2180
2014121216,2315
2014121217,3082
2014121218,3139
2014121219,1556
2014121220,1130
2014121221,1139
2014121306,532
2014121307,1654
2014121308,2455
2014121309,2247
2014121310,2063
2014121311,1948
2014121312,2068
2014121313,2103
2014121314,2135
2014121315,2141
2014121316,2165
2014121317,2018
2014121318,2189
2014121319,1432
2014121320,1273
2014121321,1070
2014121406,424
2014121407,1399
2014121408,2001
2014121409,2046
2014121410,2325
2014121411,1849
2014121412,2201
2014121413,2496
2014121414,2797
2014121415,2195
2014121416,2211
2014121417,2385
2014121418,2126
2014121419,1736
2014121420,1354
2014121421,1077
2014121506,1074
2014121507,3854
2014121508,4104
2014121509,2508
2014121510,2122
2014121511,1926
2014121512,1601
2014121513,1944
2014121514,1629
2014121515,1988
2014121516,2120
2014121517,3185
2014121518,2880
2014121519,1429
2014121520,1155
2014121521,1056
2014121606,1178
2014121607,3237
2014121608,3947
2014121609,2628
2014121610,1876
2014121611,1669
2014121612,1507
2014121613,1673
2014121614,1794
2014121615,1770
2014121616,2328
2014121617,3086
2014121618,2474
2014121619,1459
2014121620,1092
2014121621,1008
2014121706,1050
2014121707,3482
2014121708,3945
2014121709,2690
2014121710,2101
2014121711,1725
2014121712,1631
2014121713,1700
2014121714,2197
2014121715,1937
2014121716,2425
2014121717,3509
2014121718,3378
2014121719,1717
2014121720,1299
2014121721,1088
2014121806,1250
2014121807,3635
2014121808,3981
2014121809,2658
2014121810,1935
2014121811,1575
2014121812,1426
2014121813,1621
2014121814,1765
2014121815,1885
2014121816,2111
2014121817,3180
2014121818,2902
2014121819,1704
2014121820,1257
2014121821,1185
2014121906,1069
2014121907,3288
2014121908,4068
2014121909,2530
2014121910,1834
2014121911,1709
2014121912,1553
2014121913,1870
2014121914,2107
2014121915,2217
2014121916,2668
2014121917,3321
2014121918,2801
2014121919,1778
2014121920,1412
2014121921,1130
2014122006,531
2014122007,1434
2014122008,2554
2014122009,1972
2014122010,1983
2014122011,1756
2014122012,2052
2014122013,1918
2014122014,2218
2014122015,2151
2014122016,2441
2014122017,2492
2014122018,2355
2014122019,1401
2014122020,1497
2014122021,1150
2014122106,546
2014122107,1275
2014122108,1833
2014122109,1966
2014122110,2170
2014122111,2009
2014122112,2028
2014122113,2184
2014122114,2499
2014122115,2424
2014122116,2247
2014122117,2419
2014122118,2051
2014122119,1655
2014122120,1337
2014122121,1030
2014122206,1373
2014122207,3392
2014122208,3557
2014122209,2347
2014122210,1749
2014122211,1629
2014122212,1435
2014122213,1838
2014122214,2047
2014122215,2209
2014122216,3321
2014122217,3973
2014122218,2708
2014122219,1553
2014122220,1344
2014122221,1094
2014122306,1102
2014122307,3559
2014122308,3863
2014122309,2853
2014122310,1882
2014122311,1957
2014122312,1620
2014122313,2004
2014122314,1893
2014122315,2120
2014122316,2580
2014122317,3400
2014122318,3141
2014122319,1584
2014122320,1111
2014122321,1053
2014122406,1107
2014122407,3432
2014122408,4116
2014122409,2898
2014122410,2027
2014122411,1670
2014122412,1575
2014122413,1745
2014122414,1834
2014122415,2110
2014122416,2375
2014122417,3271
2014122418,3230
2014122419,1640
2014122420,1302
2014122421,864
2014122506,979
2014122507,3293
2014122508,3908
2014122509,2379
2014122510,1918
2014122511,1623
2014122512,1402
2014122513,1700
2014122514,2149
2014122515,2181
2014122516,2569
2014122517,3324
2014122518,3054
2014122519,1589
2014122520,1480
2014122521,1212
2014122606,1180
2014122607,3276
2014122608,3960
2014122609,2648
2014122610,2172
2014122611,1986
2014122612,1613
2014122613,2054
2014122614,1931
2014122615,2231
2014122616,2367
2014122617,3371
2014122618,2871
2014122619,1689
2014122620,1338
2014122621,1174
2014122706,458
2014122707,1570
2014122708,2171
2014122709,1879
2014122710,1815
2014122711,1620
2014122712,1622
2014122713,1850
2014122714,1835
2014122715,1752
2014122716,1862
2014122717,2047
2014122718,2123
2014122719,1329
2014122720,1016
2014122721,1068
2014122806,361
2014122807,987
2014122808,1699
2014122809,1667
2014122810,2035
2014122811,1745
2014122812,1764
2014122813,1868
2014122814,2016
2014122815,2016
2014122816,1961
2014122817,2175
2014122818,2030
2014122819,1321
2014122820,1312
2014122821,1038
2014122906,1171
2014122907,3500
2014122908,3878
2014122909,2760
2014122910,1940
2014122911,1758
2014122912,1710
2014122913,1925
2014122914,2182
2014122915,2040
2014122916,2547
2014122917,2896
2014122918,3192
2014122919,1570
2014122920,1131
2014122921,924
2014123006,933
2014123007,3276
2014123008,3898
2014123009,2460
2014123010,1840
2014123011,1531
2014123012,1520
2014123013,1493
2014123014,1786
2014123015,2083
2014123016,2507
2014123017,3343
2014123018,2961
2014123019,1655
2014123020,1347
2014123021,958
2014123106,1148
2014123107,3326
2014123108,4015
2014123109,2779
2014123110,2328
2014123111,2203
2014123112,1889
2014123113,2053
2014123114,2302
2014123115,2336
2014123116,2802
2014123117,3598
2014123118,2996
2014123119,1759
2014123120,1553
2014123121,1519
