2014080106,1639
2014080107,4108
2014080108,5189
2014080109,3799
2014080110,2872
2014080111,2216
2014080112,1722
2014080113,1899
2014080114,2070
2014080115,2272
2014080116,2434
2014080117,3842
2014080118,3954
2014080119,2430
2014080120,2156
2014080121,1956
2014080206,1351
2014080207,2440
2014080208,3662
2014080209,3455
2014080210,2997
2014080211,2584
2014080212,2219
2014080213,2245
2014080214,2404
2014080215,2335
2014080216,2317
2014080217,2842
2014080218,2196
2014080219,1741
2014080220,2019
2014080221,1960
2014080306,1029
2014080307,2006
2014080308,2874
2014080309,3107
2014080310,2799
2014080311,2301
2014080312,1893
2014080313,2317
2014080314,2480
2014080315,2230
2014080316,2358
2014080317,2608
2014080318,2463
2014080319,2121
2014080320,2003
2014080321,1810
2014080406,1730
2014080407,4648
2014080408,5646
2014080409,3837
2014080410,2941
2014080411,2346
2014080412,1903
2014080413,1945
2014080414,2186
2014080415,2293
2014080416,2323
2014080417,3943
2014080418,4230
2014080419,2477
2014080420,1720
2014080421,1593
2014080506,1548
2014080507,4439
2014080508,5772
2014080509,3817
2014080510,2838
2014080511,2222
2014080512,1479
2014080513,2044
2014080514,2261
2014080515,2009
2014080516,2405
2014080517,3768
2014080518,4059
2014080519,2538
2014080520,1420
2014080521,1360
2014080606,1297
2014080607,4145
2014080608,5143
2014080609,3766
2014080610,2749
2014080611,2022
2014080612,1703
2014080613,1966
2014080614,2145
2014080615,2098
2014080616,2281
2014080617,3494
2014080618,3841
2014080619,2356
2014080620,1438
2014080621,1282
2014080706,1373
2014080707,3986
2014080708,4977
2014080709,3705
2014080710,2874
2014080711,1882
2014080712,1731
2014080713,1827
2014080714,1477
2014080715,1987
2014080716,2170
2014080717,3417
2014080718,3725
2014080719,2002
2014080720,1577
2014080721,1419
2014080806,1576
2014080807,4513
2014080808,5096
2014080809,3750
2014080810,3023
2014080811,2316
2014080812,1920
2014080813,2329
2014080814,2310
2014080815,2189
2014080816,2569
2014080817,3629
2014080818,3963
2014080819,2588
2014080820,1911
2014080821,1758
2014080906,1156
2014080907,2504
2014080908,3688
2014080909,3419
2014080910,2837
2014080911,2287
2014080912,2187
2014080913,2283
2014080914,2232
2014080915,1856
2014080916,2042
2014080917,2805
2014080918,2872
2014080919,1993
2014080920,1451
2014080921,1256
2014081006,1026
2014081007,2141
2014081008,2907
2014081009,3362
2014081010,2948
2014081011,2597
2014081012,2046
2014081013,2472
2014081014,2461
2014081015,2332
2014081016,2524
2014081017,2718
2014081018,2100
2014081019,2060
2014081020,1664
2014081021,1431
2014081319,1
2014081321,4
2014081406,1500
2014081407,4137
2014081408,5576
2014081409,3797
2014081410,2944
2014081411,2613
2014081412,1704
2014081413,2176
2014081414,2410
2014081415,2425
2014081416,2819
2014081417,3723
2014081418,4505
2014081419,2469
2014081420,1817
2014081421,1669
2014081506,161
2014081507,171
2014081508,376
2014081509,195
2014081510,110
2014081511,87
2014081512,83
2014081513,80
2014081514,47
2014081515,69
2014081516,39
2014081517,103
2014081518,127
2014081519,90
2014081520,59
2014081521,92
2014081606,1308
2014081607,2957
2014081608,4090
2014081609,3761
2014081610,3197
2014081611,2614
2014081612,2190
2014081613,2666
2014081614,2680
2014081615,2510
2014081616,2471
2014081617,2858
2014081618,2941
2014081619,2052
2014081620,1898
2014081621,1782
2014081706,1054
2014081707,2214
2014081708,3314
2014081709,3381
2014081710,2877
2014081711,2565
2014081712,2087
2014081713,2622
2014081714,2759
2014081715,2409
2014081716,2496
2014081717,2901
2014081718,2649
2014081719,2283
2014081720,2149
2014081721,1677
2014081807,39
2014081821,25
2014081906,1764
2014081907,4484
2014081908,5686
2014081909,4050
2014081910,2862
2014081911,2295
2014081912,1875
2014081913,1710
2014081914,1756
2014081915,2299
2014081916,2452
2014081917,2832
2014081918,3849
2014081919,2172
2014081920,1896
2014081921,1796
2014082006,1303
2014082007,3110
2014082008,4422
2014082009,3143
2014082010,1977
2014082011,1663
2014082012,1145
2014082013,1703
2014082014,1558
2014082015,1709
2014082016,1866
2014082017,3019
2014082018,3100
2014082019,1876
2014082020,1421
2014082021,1212
2014082106,1495
2014082107,3572
2014082108,5226
2014082109,3826
2014082110,2973
2014082111,2013
2014082112,1868
2014082113,2113
2014082114,2204
2014082115,2138
2014082116,2536
2014082117,3926
2014082118,3403
2014082119,2337
2014082120,1433
2014082121,1512
2014082206,1827
2014082207,4388
2014082208,5583
2014082209,3635
2014082210,3015
2014082211,2268
2014082212,1922
2014082213,2201
2014082214,2262
2014082215,2246
2014082216,2007
2014082217,3592
2014082218,3498
2014082219,2296
2014082220,1960
2014082221,1745
2014082306,1183
2014082307,2875
2014082308,3736
2014082309,3376
2014082310,2962
2014082311,2480
2014082312,1904
2014082313,2539
2014082314,2571
2014082315,2401
2014082316,2453
2014082317,2887
2014082318,2913
2014082319,1918
2014082320,1857
2014082321,1638
2014082406,1248
2014082407,2346
2014082408,3302
2014082409,3525
2014082410,3431
2014082411,2792
2014082412,2086
2014082413,2570
2014082414,2758
2014082415,2340
2014082416,2394
2014082417,2612
2014082418,2273
2014082419,1948
2014082420,1959
2014082421,1679
2014082506,2155
2014082507,4871
2014082508,5868
2014082509,3910
2014082510,2722
2014082511,2411
2014082512,1936
2014082513,2232
2014082514,2411
2014082515,2348
2014082516,2846
2014082517,3745
2014082518,3857
2014082519,2190
2014082520,1825
2014082521,1593
2014082606,1453
2014082607,4537
2014082608,5303
2014082609,3990
2014082610,2795
2014082611,2067
2014082612,1808
2014082613,2228
2014082614,2213
2014082615,2375
2014082616,2696
2014082617,3560
2014082618,4120
2014082619,2206
2014082620,1576
2014082621,1721
2014082706,1844
2014082707,4683
2014082708,5646
2014082709,4345
2014082710,2946
2014082711,2269
2014082712,1662
2014082713,2172
2014082714,2093
2014082715,2075
2014082716,2619
2014082717,4072
2014082718,3784
2014082719,2373
2014082720,1661
2014082721,1606
2014082806,1844
2014082807,4180
2014082808,5392
2014082809,4163
2014082810,2944
2014082811,2414
2014082812,1960
2014082813,2195
2014082814,2036
2014082815,2091
2014082816,2275
2014082817,3286
2014082818,3548
2014082819,1749
2014082820,1392
2014082821,1257
2014082906,1811
2014082907,4120
2014082908,5159
2014082909,3858
2014082910,2939
2014082911,2415
2014082912,1756
2014082913,1905
2014082914,2118
2014082915,2227
2014082916,2443
2014082917,3597
2014082918,3970
2014082919,2301
2014082920,1650
2014082921,1606
2014083006,1530
2014083007,2893
2014083008,4652
2014083009,4089
2014083010,3227
2014083011,2833
2014083012,2384
2014083013,2464
2014083014,2726
2014083015,2349
2014083016,2169
2014083017,2956
2014083018,2908
2014083019,1882
2014083020,1889
2014083021,2042
2014083106,1581
2014083107,2620
2014083108,3405
2014083109,3776
2014083110,3189
2014083111,2888
2014083112,2311
2014083113,2306
2014083114,2505
2014083115,2530
2014083116,2547
2014083117,2669
2014083118,2363
2014083119,2093
2014083120,1738
2014083121,1501
2014090106,2348
2014090107,5581
2014090108,5854
2014090109,3966
2014090110,3184
2014090111,2333
2014090112,2036
2014090113,2396
2014090114,2406
2014090115,2656
2014090116,3165
2014090117,4155
2014090118,4491
2014090119,2534
2014090120,1739
2014090121,1587
2014090206,2257
2014090207,5403
2014090208,5683
2014090209,4000
2014090210,2937
2014090211,2292
2014090212,1821
2014090213,2273
2014090214,2434
2014090215,2662
2014090216,3139
2014090217,4450
2014090218,4478
2014090219,2564
2014090220,1853
2014090221,1821
2014090306,2000
2014090307,5389
2014090308,6215
2014090309,4149
2014090310,3039
2014090311,2582
2014090312,1997
2014090313,2420
2014090314,2534
2014090315,2210
2014090316,2849
2014090317,3904
2014090318,4153
2014090319,2327
2014090320,1701
2014090321,1606
2014090406,2428
2014090407,5095
2014090408,5844
2014090409,3978
2014090410,3293
2014090411,2506
2014090412,1907
2014090413,2242
2014090414,2441
2014090415,2789
2014090416,2881
2014090417,4411
2014090418,4398
2014090419,2604
2014090420,2138
2014090421,1872
2014090506,2114
2014090507,5024
2014090508,5750
2014090509,4160
2014090510,2346
2014090511,2330
2014090512,1893
2014090513,2200
2014090514,2215
2014090515,2650
2014090516,3174
2014090517,4049
2014090518,3893
2014090519,2645
2014090520,1903
2014090521,1921
2014090606,1271
2014090607,2501
2014090608,3642
2014090609,3917
2014090610,3240
2014090611,2861
2014090612,2402
2014090613,2414
2014090614,3039
2014090615,2521
2014090616,2525
2014090617,3246
2014090618,2977
2014090619,2272
2014090620,2039
2014090621,2003
2014090706,1169
2014090707,2349
2014090708,3520
2014090709,3929
2014090710,3463
2014090711,2627
2014090712,2139
2014090713,2589
2014090714,2707
2014090715,2404
2014090716,2800
2014090717,2777
2014090718,2388
2014090719,2024
2014090720,2084
2014090721,1953
2014090806,1099
2014090807,1732
2014090808,2487
2014090809,2819
2014090810,2837
2014090811,2080
2014090812,1760
2014090813,2124
2014090814,2695
2014090815,2497
2014090816,2968
2014090817,2900
2014090818,2101
2014090819,2460
2014090820,2480
2014090821,2555
2014090906,2229
2014090907,5031
2014090908,5624
2014090909,3680
2014090910,3066
2014090911,2491
2014090912,2075
2014090913,2074
2014090914,2262
2014090915,2419
2014090916,3089
2014090917,4020
2014090918,4293
2014090919,2641
2014090920,1620
2014090921,1513
2014091006,2462
2014091007,5285
2014091008,5706
2014091009,3989
2014091010,3031
2014091011,2390
2014091012,1999
2014091013,2042
2014091014,2278
2014091015,2445
2014091016,3006
2014091017,4129
2014091018,4171
2014091019,2424
2014091020,1836
2014091021,1646
2014091106,2314
2014091107,5280
2014091108,5562
2014091109,4138
2014091110,3020
2014091111,2564
2014091112,2098
2014091113,2058
2014091114,2293
2014091115,2292
2014091116,2658
2014091117,4001
2014091118,3960
2014091119,2337
2014091120,1835
2014091121,1628
2014091206,2412
2014091207,5089
2014091208,5764
2014091209,3841
2014091210,2975
2014091211,2374
2014091212,2077
2014091213,2434
2014091214,2599
2014091215,2624
2014091216,3058
2014091217,3986
2014091218,4312
2014091219,2571
2014091220,2166
2014091221,1889
2014091306,1285
2014091307,2947
2014091308,4060
2014091309,3685
2014091310,3215
2014091311,2628
2014091312,2418
2014091313,2451
2014091314,2423
2014091315,2635
2014091316,2622
2014091317,3416
2014091318,3004
2014091319,2459
2014091320,2062
2014091321,2133
2014091406,1248
2014091407,2657
2014091408,3515
2014091409,3520
2014091410,3204
2014091411,2710
2014091412,2454
2014091413,2713
2014091414,2847
2014091415,2708
2014091416,2570
2014091417,2956
2014091418,2726
2014091419,2374
2014091420,2264
2014091421,1631
2014091506,2640
2014091507,5302
2014091508,6105
2014091509,4173
2014091510,2853
2014091511,2558
2014091512,1772
2014091513,2149
2014091514,2024
2014091515,2248
2014091516,3117
2014091517,4365
2014091518,3943
2014091519,2270
2014091520,1638
2014091521,1371
2014091606,1765
2014091607,5264
2014091608,5581
2014091609,3083
2014091610,2256
2014091611,1744
2014091612,1473
2014091613,1745
2014091614,1728
2014091615,1936
2014091616,2726
2014091617,3999
2014091618,4094
2014091619,2278
2014091620,1509
2014091621,1500
2014091706,1935
2014091707,4867
2014091708,5605
2014091709,3621
2014091710,2615
2014091711,1986
2014091712,1524
2014091713,1905
2014091714,1963
2014091715,2425
2014091716,3059
2014091717,3589
2014091718,3991
2014091719,2293
2014091720,1788
2014091721,1584
2014091806,2362
2014091807,4522
2014091808,5076
2014091809,3527
2014091810,2464
2014091811,2163
2014091812,1601
2014091813,2157
2014091814,2209
2014091815,2445
2014091816,2940
2014091817,4017
2014091818,3902
2014091819,2173
2014091820,1463
2014091821,1693
2014091906,2344
2014091907,4500
2014091908,5250
2014091909,3489
2014091910,2949
2014091911,2067
2014091912,1823
2014091913,1990
2014091914,1942
2014091915,2257
2014091916,3053
2014091917,4124
2014091918,4029
2014091919,2631
2014091920,1874
2014091921,2153
2014092006,1169
2014092007,3074
2014092008,4504
2014092009,3966
2014092010,3194
2014092011,2872
2014092012,2584
2014092013,2818
2014092014,2368
2014092015,2685
2014092016,2730
2014092017,3177
2014092018,2945
2014092019,2337
2014092020,1814
2014092021,1874
2014092106,859
2014092107,2301
2014092108,3240
2014092109,3513
2014092110,3181
2014092111,2531
2014092112,2329
2014092113,2617
2014092114,2845
2014092115,2529
2014092116,2789
2014092117,2918
2014092118,2638
2014092119,2094
2014092120,2041
2014092121,1680
2014092206,2149
2014092207,5243
2014092208,5541
2014092209,3708
2014092210,3046
2014092211,2316
2014092212,1881
2014092213,2003
2014092214,2384
2014092215,2416
2014092216,3091
2014092217,3821
2014092218,4080
2014092219,2320
2014092220,1473
2014092221,1535
2014092306,2176
2014092307,5277
2014092308,5627
2014092309,3842
2014092310,3043
2014092311,2392
2014092312,1753
2014092313,2094
2014092314,2201
2014092315,2618
2014092316,2933
2014092317,4101
2014092318,4387
2014092319,2595
2014092320,1665
2014092321,1668
2014092406,2241
2014092407,4886
2014092408,5592
2014092409,3709
2014092410,2935
2014092411,2207
2014092412,1815
2014092413,2137
2014092414,2156
2014092415,2527
2014092416,2699
2014092417,3740
2014092418,3898
2014092419,2206
2014092420,1648
2014092421,1677
2014092506,1954
2014092507,4784
2014092508,5110
2014092509,3716
2014092510,3105
2014092511,2062
2014092512,1692
2014092513,2098
2014092514,2121
2014092515,2473
2014092516,2969
2014092517,4056
2014092518,4157
2014092519,2354
2014092520,1854
2014092521,1501
2014092606,1847
2014092607,4282
2014092608,5009
2014092609,3443
2014092610,2748
2014092611,1945
2014092612,1682
2014092613,1914
2014092614,2145
2014092615,2418
2014092616,2590
2014092617,4138
2014092618,3814
2014092619,2303
2014092620,1842
2014092621,1579
2014092706,1071
2014092707,2767
2014092708,3953
2014092709,3496
2014092710,3067
2014092711,2472
2014092712,2398
2014092713,2414
2014092714,2297
2014092715,2122
2014092716,2162
2014092717,2719
2014092718,2550
2014092719,1773
2014092720,1659
2014092721,1487
2014092806,1707
2014092807,4591
2014092808,4658
2014092809,3204
2014092810,2845
2014092811,1881
2014092812,1676
2014092813,1755
2014092814,1924
2014092815,2132
2014092816,2697
2014092817,3594
2014092818,3900
2014092819,1835
2014092820,1420
2014092821,1581
2014092906,1695
2014092907,4418
2014092908,4980
2014092909,3518
2014092910,2646
2014092911,2016
2014092912,1554
2014092913,1808
2014092914,2013
2014092915,2200
2014092916,2669
2014092917,3662
2014092918,3907
2014092919,2136
2014092920,1375
2014092921,1331
2014093006,1805
2014093007,4013
2014093008,4356
2014093009,3569
2014093010,3017
2014093011,2103
2014093012,1885
2014093013,1927
2014093014,2093
2014093015,2307
2014093016,3062
2014093017,3855
2014093018,3707
2014093019,2375
2014093020,1725
2014093021,1357
2014100106,849
2014100107,1760
2014100108,3167
2014100109,3553
2014100110,3052
2014100111,2837
2014100112,2148
2014100113,2525
2014100114,2721
2014100115,2532
2014100116,2374
2014100117,2283
2014100118,1801
2014100119,1588
2014100120,1643
2014100121,1434
2014100206,1025
2014100207,2032
2014100208,3249
2014100209,3725
2014100210,3313
2014100211,2779
2014100212,2507
2014100213,2981
2014100214,2937
2014100215,2819
2014100216,2528
2014100217,2915
2014100218,1861
2014100219,1955
2014100220,2027
2014100221,1398
2014100306,853
2014100307,1663
2014100308,2608
2014100309,3334
2014100310,2714
2014100311,2325
2014100312,1837
2014100313,2254
2014100314,2491
2014100315,2188
2014100316,2280
2014100317,2491
2014100318,1988
2014100319,1704
2014100320,1692
2014100321,1238
2014100406,633
2014100407,1802
2014100408,2642
2014100409,3341
2014100410,2927
2014100411,2212
2014100412,1762
2014100413,2216
2014100414,2389
2014100415,2198
2014100416,2200
2014100417,2240
2014100418,1908
2014100419,1650
2014100420,1468
2014100421,1157
2014100506,852
2014100507,1828
2014100508,2851
2014100509,3059
2014100510,2723
2014100511,2300
2014100512,1877
2014100513,2362
2014100514,2479
2014100515,2185
2014100516,2528
2014100517,2831
2014100518,2460
2014100519,1731
2014100520,1713
2014100521,1437
2014100606,880
2014100607,2147
2014100608,3420
2014100609,3406
2014100610,2705
2014100611,2321
2014100612,1880
2014100613,2117
2014100614,2691
2014100615,2607
2014100616,2376
2014100617,2818
2014100618,2724
2014100619,1942
2014100620,1658
2014100621,1122
2014100706,870
2014100707,2033
2014100708,3096
2014100709,3204
2014100710,3031
2014100711,2540
2014100712,1980
2014100713,2412
2014100714,2488
2014100715,2589
2014100716,2669
2014100717,3161
2014100718,2782
2014100719,2025
2014100720,1618
2014100721,1350
2014100806,1974
2014100807,4696
2014100808,5415
2014100809,3838
2014100810,2798
2014100811,2157
2014100812,1611
2014100813,1775
2014100814,2065
2014100815,2345
2014100816,2715
2014100817,3486
2014100818,3654
2014100819,2007
2014100820,1180
2014100821,1234
2014100906,1778
2014100907,4875
2014100908,5526
2014100909,3922
2014100910,2729
2014100911,2283
2014100912,1545
2014100913,1867
2014100914,2182
2014100915,2402
2014100916,2921
2014100917,3709
2014100918,3834
2014100919,1814
2014100920,1538
2014100921,1076
2014101006,1680
2014101007,4957
2014101008,5516
2014101009,4059
2014101010,2817
2014101011,2414
2014101012,1781
2014101013,1901
2014101014,1907
2014101015,2180
2014101016,2633
2014101017,3740
2014101018,3936
2014101019,1847
2014101020,1544
2014101021,1387
2014101106,1894
2014101107,4555
2014101108,5089
2014101109,3736
2014101110,2819
2014101111,2479
2014101112,1535
2014101113,1984
2014101114,2040
2014101115,2252
2014101116,3078
2014101117,3706
2014101118,3847
2014101119,2107
2014101120,1648
2014101121,1609
2014101206,861
2014101207,2182
2014101208,3232
2014101209,3522
2014101210,3432
2014101211,2897
2014101212,2436
2014101213,2610
2014101214,2751
2014101215,2545
2014101216,2758
2014101217,2810
2014101218,2673
2014101219,1917
2014101220,1724
2014101221,1336
2014101306,2029
2014101307,4832
2014101308,5268
2014101309,4104
2014101310,2905
2014101311,2174
2014101312,1771
2014101313,1819
2014101314,1872
2014101315,2049
2014101316,2637
2014101317,3541
2014101318,3685
2014101319,2075
2014101320,1287
2014101321,1222
2014101406,1785
2014101407,4440
2014101408,5452
2014101409,3847
2014101410,2714
2014101411,2117
2014101412,1583
2014101413,1932
2014101414,1985
2014101415,2339
2014101416,2806
2014101417,3913
2014101418,3974
2014101419,1581
2014101420,1440
2014101421,1081
2014101506,1740
2014101507,4563
2014101508,5743
2014101509,3784
2014101510,3022
2014101511,2342
2014101512,1873
2014101513,2280
2014101514,2102
2014101515,2147
2014101516,2892
2014101517,4140
2014101518,4147
2014101519,2094
2014101520,1698
2014101521,1602
2014101606,1827
2014101607,4644
2014101608,5513
2014101609,3935
2014101610,2867
2014101611,2310
2014101612,1791
2014101613,2012
2014101614,2095
2014101615,2064
2014101616,2631
2014101617,3769
2014101618,4031
2014101619,2162
2014101620,1405
2014101621,1416
2014101706,1726
2014101707,4599
2014101708,5275
2014101709,4191
2014101710,2840
2014101711,2427
2014101712,1729
2014101713,2073
2014101714,2188
2014101715,2638
2014101716,2728
2014101717,3982
2014101718,3709
2014101719,2056
2014101720,1796
2014101721,1554
2014101806,1135
2014101807,2661
2014101808,4235
2014101809,4179
2014101810,3340
2014101811,3025
2014101812,2993
2014101813,2781
2014101814,2746
2014101815,2499
2014101816,2607
2014101817,2970
2014101818,2572
2014101819,1987
2014101820,1813
2014101821,1760
2014101906,900
2014101907,2097
2014101908,3358
2014101909,3679
2014101910,3255
2014101911,2866
2014101912,2214
2014101913,2500
2014101914,2812
2014101915,2705
2014101916,2456
2014101917,3159
2014101918,2538
2014101919,1902
2014101920,1984
2014101921,1661
2014102006,1862
2014102007,4645
2014102008,5286
2014102009,3582
2014102010,2856
2014102011,2208
2014102012,1736
2014102013,1767
2014102014,2024
2014102015,2038
2014102016,2497
2014102017,3645
2014102018,3672
2014102019,1702
2014102020,1263
2014102021,1279
2014102106,1475
2014102107,4378
2014102108,5073
2014102109,3552
2014102110,2497
2014102111,2190
2014102112,1356
2014102113,1731
2014102114,1793
2014102115,2274
2014102116,2882
2014102117,3855
2014102118,3992
2014102119,2445
2014102120,1465
2014102121,1480
2014102206,1699
2014102207,4509
2014102208,5336
2014102209,3873
2014102210,2758
2014102211,2232
2014102212,1557
2014102213,2006
2014102214,2194
2014102215,2304
2014102216,2858
2014102217,3770
2014102218,3922
2014102219,2035
2014102220,1282
2014102221,1279
2014102306,1497
2014102307,4824
2014102308,5572
2014102309,3722
2014102310,2669
2014102311,2386
2014102312,1633
2014102313,2033
2014102314,2181
2014102315,2562
2014102316,2838
2014102317,3827
2014102318,3784
2014102319,2068
2014102320,1313
2014102321,1749
2014102406,1689
2014102407,4472
2014102408,5491
2014102409,3671
2014102410,3041
2014102411,2477
2014102412,1798
2014102413,2256
2014102414,2388
2014102415,2804
2014102416,3037
2014102417,4313
2014102418,4391
2014102419,2030
2014102420,1702
2014102421,1636
2014102506,1077
2014102507,2847
2014102508,4167
2014102509,3913
2014102510,3213
2014102511,2963
2014102512,2534
2014102513,2975
2014102514,2896
2014102515,2397
2014102516,2993
2014102517,2973
2014102518,2350
2014102519,1964
2014102520,1643
2014102521,1585
2014102606,779
2014102607,2095
2014102608,3298
2014102609,3490
2014102610,3184
2014102611,2814
2014102612,2437
2014102613,3012
2014102614,3000
2014102615,2742
2014102616,2521
2014102617,3166
2014102618,2513
2014102619,2067
2014102620,1797
2014102621,1535
2014102706,1834
2014102707,4821
2014102708,5395
2014102709,3983
2014102710,2784
2014102711,2360
2014102712,1698
2014102713,1618
2014102714,1917
2014102715,2301
2014102716,2749
2014102717,4037
2014102718,3638
2014102719,1862
2014102720,1341
2014102721,1277
2014102806,1664
2014102807,4759
2014102808,5524
2014102809,4007
2014102810,2916
2014102811,2403
2014102812,1773
2014102813,2079
2014102814,2347
2014102815,2025
2014102816,2998
2014102817,3904
2014102818,4076
2014102819,1828
2014102820,1538
2014102821,1398
2014102906,1898
2014102907,4899
2014102908,5408
2014102909,3709
2014102910,3030
2014102911,2274
2014102912,1801
2014102913,2049
2014102914,2173
2014102915,2622
2014102916,3020
2014102917,4184
2014102918,4411
2014102919,1981
2014102920,1567
2014102921,1476
2014103006,1949
2014103007,4626
2014103008,5238
2014103009,3966
2014103010,2883
2014103011,2373
2014103012,1958
2014103013,2325
2014103014,2438
2014103015,2477
2014103016,3096
2014103017,4549
2014103018,4029
2014103019,2089
2014103020,1531
2014103021,1470
2014103106,1750
2014103107,4728
2014103108,5748
2014103109,4064
2014103110,2936
2014103111,2307
2014103112,1803
2014103113,2161
2014103114,2220
2014103115,2257
2014103116,3054
2014103117,4010
2014103118,3868
2014103119,2330
2014103120,1882
2014103121,1493
2014110106,1098
2014110107,2700
2014110108,4380
2014110109,4041
2014110110,3447
2014110111,3095
2014110112,2627
2014110113,2939
2014110114,2983
2014110115,2739
2014110116,2944
2014110117,3166
2014110118,2821
2014110119,2137
2014110120,1887
2014110121,1426
2014110206,938
2014110207,2186
2014110208,3104
2014110209,3458
2014110210,3122
2014110211,2894
2014110212,2493
2014110213,2871
2014110214,2905
2014110215,2740
2014110216,2942
2014110217,3003
2014110218,2863
2014110219,1847
2014110220,1645
2014110221,1342
2014110306,1889
2014110307,5626
2014110308,5799
2014110309,3931
2014110310,2945
2014110311,2138
2014110312,1646
2014110313,1867
2014110314,2265
2014110315,2450
2014110316,3144
2014110317,4349
2014110318,4143
2014110319,2055
2014110320,1284
2014110321,1317
2014110406,1770
2014110407,4620
2014110408,5510
2014110409,3797
2014110410,2973
2014110411,2323
2014110412,1785
2014110413,1987
2014110414,2279
2014110415,2505
2014110416,2886
2014110417,3879
2014110418,3998
2014110419,1926
2014110420,1466
2014110421,1310
2014110506,1631
2014110507,4501
2014110508,5457
2014110509,3964
2014110510,2953
2014110511,2045
2014110512,1863
2014110513,2012
2014110514,2176
2014110515,2470
2014110516,2797
2014110517,4041
2014110518,3690
2014110519,2001
2014110520,1345
2014110521,1319
2014110606,1286
2014110607,4182
2014110608,4858
2014110609,3007
2014110610,2185
2014110611,1690
2014110612,1440
2014110613,1785
2014110614,1764
2014110615,2210
2014110616,2845
2014110617,3875
2014110618,3941
2014110619,1937
2014110620,1336
2014110621,1525
2014110706,1599
2014110707,4624
2014110708,4901
2014110709,3336
2014110710,2649
2014110711,1839
2014110712,1867
2014110713,1897
2014110714,2293
2014110715,2479
2014110716,3222
2014110717,4157
2014110718,4235
2014110719,2217
2014110720,1738
2014110721,1396
2014110806,705
2014110807,2046
2014110808,3023
2014110809,3019
2014110810,2739
2014110811,2403
2014110812,2426
2014110813,2495
2014110814,2762
2014110815,2406
2014110816,2724
2014110817,3052
2014110818,2525
2014110819,1885
2014110820,1656
2014110821,1463
2014110906,757
2014110907,1982
2014110908,2861
2014110909,3268
2014110910,3159
2014110911,2734
2014110912,2604
2014110913,2700
2014110914,3094
2014110915,2846
2014110916,3035
2014110917,3228
2014110918,2465
2014110919,2082
2014110920,1707
2014110921,1377
2014111006,1617
2014111007,4815
2014111008,5446
2014111009,3936
2014111010,3056
2014111011,2229
2014111012,1698
2014111013,2147
2014111014,2313
2014111015,2611
2014111016,3299
2014111017,4301
2014111018,3962
2014111019,2096
2014111020,1421
2014111021,1357
2014111106,1577
2014111107,4837
2014111108,5463
2014111109,3996
2014111110,2681
2014111111,2235
2014111112,1867
2014111113,2031
2014111114,2186
2014111115,2433
2014111116,3142
2014111117,4111
2014111118,4568
2014111119,2012
2014111120,1621
2014111121,1416
2014111206,1569
2014111207,4910
2014111208,5657
2014111209,3672
2014111210,2642
2014111211,2289
2014111212,2005
2014111213,2173
2014111214,2235
2014111215,2534
2014111216,3358
2014111217,4329
2014111218,4091
2014111219,2035
2014111220,1573
2014111221,1659
2014111306,1705
2014111307,4896
2014111308,5747
2014111309,4070
2014111310,2968
2014111311,2583
2014111312,2160
2014111313,2388
2014111314,2391
2014111315,2419
2014111316,3226
2014111317,3956
2014111318,3972
2014111319,2277
2014111320,1471
2014111321,1359
2014111406,1663
2014111407,5022
2014111408,5447
2014111409,4149
2014111410,3272
2014111411,2771
2014111412,2011
2014111413,2625
2014111414,2480
2014111415,2818
2014111416,3558
2014111417,4357
2014111418,4169
2014111419,2322
2014111420,1670
2014111421,1914
2014111506,895
2014111507,2780
2014111508,4197
2014111509,4113
2014111510,3624
2014111511,2987
2014111512,2739
2014111513,2918
2014111514,3221
2014111515,2780
2014111516,2643
2014111517,3362
2014111518,2913
2014111519,2030
2014111520,1819
2014111521,1585
2014111606,790
2014111607,2088
2014111608,3100
2014111609,3611
2014111610,3104
2014111611,2875
2014111612,2545
2014111613,2957
2014111614,3251
2014111615,2882
2014111616,2984
2014111617,3144
2014111618,2373
2014111619,1988
2014111620,2096
2014111621,1640
2014111706,1727
2014111707,5292
2014111708,5581
2014111709,4007
2014111710,3138
2014111711,2449
2014111712,1727
2014111713,2067
2014111714,2765
2014111715,2593
2014111716,3258
2014111717,4427
2014111718,4392
2014111719,2225
2014111720,1399
2014111721,1526
2014111806,1651
2014111807,5385
2014111808,5982
2014111809,3977
2014111810,3226
2014111811,2557
2014111812,1875
2014111813,2373
2014111814,2557
2014111815,2639
2014111816,3143
2014111817,4434
2014111818,4212
2014111819,2065
2014111820,1605
2014111821,1389
2014111906,1724
2014111907,5127
2014111908,5986
2014111909,4290
2014111910,2986
2014111911,2390
2014111912,1989
2014111913,2233
2014111914,2416
2014111915,2535
2014111916,3067
2014111917,4119
2014111918,4529
2014111919,2026
2014111920,1456
2014111921,1342
2014112006,1787
2014112007,4851
2014112008,5981
2014112009,4067
2014112010,3081
2014112011,2616
2014112012,1990
2014112013,2435
2014112014,2717
2014112015,2924
2014112016,3459
2014112017,4616
2014112018,4360
2014112019,2267
2014112020,1711
2014112021,1512
2014112106,1639
2014112107,4491
2014112108,5702
2014112109,3601
2014112110,3216
2014112111,2502
2014112112,2034
2014112113,2218
2014112114,2893
2014112115,2856
2014112116,3329
2014112117,4515
2014112118,4801
2014112119,2079
2014112120,1902
2014112121,1388
2014112206,985
2014112207,2571
2014112208,4010
2014112209,3992
2014112210,4003
2014112211,2968
2014112212,2978
2014112213,3235
2014112214,3354
2014112215,2933
2014112216,3069
2014112217,3424
2014112218,3283
2014112219,1926
2014112220,2095
2014112221,1813
2014112306,844
2014112307,2116
2014112308,3210
2014112309,4024
2014112310,3346
2014112311,3013
2014112312,2494
2014112313,3040
2014112314,3261
2014112315,2941
2014112316,3188
2014112317,3344
2014112318,2862
2014112319,1917
2014112320,2068
2014112321,1565
2014112406,1823
2014112407,4963
2014112408,5208
2014112409,3856
2014112410,3020
2014112411,2371
2014112412,1651
2014112413,2082
2014112414,2393
2014112415,2498
2014112416,3230
2014112417,4068
2014112418,4344
2014112419,1955
2014112420,1419
2014112421,1611
2014112506,1668
2014112507,4768
2014112508,5512
2014112509,3908
2014112510,2993
2014112511,2259
2014112512,1750
2014112513,1897
2014112514,2025
2014112515,2316
2014112516,3025
2014112517,3881
2014112518,4272
2014112519,2239
2014112520,1492
2014112521,1451
2014112606,1778
2014112607,4900
2014112608,5699
2014112609,4037
2014112610,3262
2014112611,2421
2014112612,1770
2014112613,2290
2014112614,2803
2014112615,2767
2014112616,3203
2014112617,3989
2014112618,4153
2014112619,2268
2014112620,1644
2014112621,1530
2014112706,1605
2014112707,4866
2014112708,5962
2014112709,4142
2014112710,3112
2014112711,2223
2014112712,1790
2014112713,2103
2014112714,2250
2014112715,2445
2014112716,3232
2014112717,4103
2014112718,4154
2014112719,1929
2014112720,1195
2014112721,1451
2014112806,1672
2014112807,4591
2014112808,5602
2014112809,3946
2014112810,3306
2014112811,2672
2014112812,2137
2014112813,2512
2014112814,2552
2014112815,2627
2014112816,3528
2014112817,4586
2014112818,4576
2014112819,2462
2014112820,2070
2014112821,1786
2014112906,833
2014112907,2396
2014112908,4204
2014112909,4353
2014112910,3419
2014112911,3127
2014112912,2581
2014112913,2951
2014112914,2935
2014112915,2842
2014112916,2777
2014112917,3638
2014112918,2626
2014112919,2015
2014112920,1845
2014112921,1839
2014113006,965
2014113007,2122
2014113008,3607
2014113009,3938
2014113010,3840
2014113011,2923
2014113012,2902
2014113013,3014
2014113014,2897
2014113015,2830
2014113016,2857
2014113017,2972
2014113018,2505
2014113019,1804
2014113020,1957
2014113021,1463
2014120106,1787
2014120107,4677
2014120108,5483
2014120109,3727
2014120110,2892
2014120111,2159
2014120112,1514
2014120113,2001
2014120114,2163
2014120115,2141
2014120116,3005
2014120117,4220
2014120118,3999
2014120119,1708
2014120120,1310
2014120121,1249
2014120206,1594
2014120207,4693
2014120208,5214
2014120209,3579
2014120210,2888
2014120211,2246
2014120212,1715
2014120213,2042
2014120214,2038
2014120215,2336
2014120216,2714
2014120217,3685
2014120218,4091
2014120219,1897
2014120220,1349
2014120221,1269
2014120306,1388
2014120307,4348
2014120308,5125
2014120309,3359
2014120310,2694
2014120311,1813
2014120312,1407
2014120313,1673
2014120314,1914
2014120315,2197
2014120316,2963
2014120317,4208
2014120318,3972
2014120319,1920
2014120320,1378
2014120321,1310
2014120406,1314
2014120407,4310
2014120408,5423
2014120409,3618
2014120410,2692
2014120411,1991
2014120412,1760
2014120413,1854
2014120414,1981
2014120415,2300
2014120416,3017
2014120417,3839
2014120418,4227
2014120419,1954
2014120420,1588
2014120421,1398
2014120506,1556
2014120507,4413
2014120508,5409
2014120509,3709
2014120510,3065
2014120511,2415
2014120512,1773
2014120513,1927
2014120514,2284
2014120515,2693
2014120516,3299
2014120517,4349
2014120518,4526
2014120519,2662
2014120520,1640
2014120521,1729
2014120606,709
2014120607,2317
2014120608,3860
2014120609,3933
2014120610,3506
2014120611,2957
2014120612,2832
2014120613,3134
2014120614,3497
2014120615,3081
2014120616,2899
2014120617,3655
2014120618,3196
2014120619,1951
2014120620,1987
2014120621,1625
2014120706,665
2014120707,1673
2014120708,2750
2014120709,2888
2014120710,2676
2014120711,2358
2014120712,2163
2014120713,2448
2014120714,2693
2014120715,2180
2014120716,2407
2014120717,2722
2014120718,2311
2014120719,1496
2014120720,1611
2014120721,1215
2014120806,1404
2014120807,4727
2014120808,5110
2014120809,3413
2014120810,2934
2014120811,2318
2014120812,1864
2014120813,2219
2014120814,2374
2014120815,2273
2014120816,3078
2014120817,4300
2014120818,4069
2014120819,1949
2014120820,1557
2014120821,1323
2014120906,1525
2014120907,4650
2014120908,5389
2014120909,3895
2014120910,3129
2014120911,2553
2014120912,1847
2014120913,2238
2014120914,2427
2014120915,2545
2014120916,2913
2014120917,3944
2014120918,4028
2014120919,1928
2014120920,1498
2014120921,1340
2014121006,1510
2014121007,4943
2014121008,5682
2014121009,3866
2014121010,2942
2014121011,2229
2014121012,1789
2014121013,2272
2014121014,2659
2014121015,2564
2014121016,3202
2014121017,4020
2014121018,4051
2014121019,2207
2014121020,1459
2014121021,1316
2014121106,1596
2014121107,4491
2014121108,5476
2014121109,3616
2014121110,3179
2014121111,2213
2014121112,1911
2014121113,2404
2014121114,2338
2014121115,2403
2014121116,3229
2014121117,3847
2014121118,4023
2014121119,2181
2014121120,1642
2014121121,1688
2014121206,1548
2014121207,4390
2014121208,5653
2014121209,3865
2014121210,3201
2014121211,2245
2014121212,2052
2014121213,2243
2014121214,2483
2014121215,2685
2014121216,3489
2014121217,4259
2014121218,4577
2014121219,2353
2014121220,1747
2014121221,1669
2014121306,789
2014121307,2567
2014121308,3747
2014121309,4192
2014121310,3451
2014121311,2862
2014121312,2760
2014121313,2965
2014121314,2972
2014121315,2785
2014121316,3097
2014121317,3082
2014121318,2963
2014121319,1979
2014121320,1761
2014121321,1537
2014121406,680
2014121407,1804
2014121408,3101
2014121409,3649
2014121410,3279
2014121411,3082
2014121412,2618
2014121413,3269
2014121414,3562
2014121415,2829
2014121416,3136
2014121417,3063
2014121418,2725
2014121419,2016
2014121420,1923
2014121421,1433
2014121506,1703
2014121507,4958
2014121508,5738
2014121509,4074
2014121510,3192
2014121511,2637
2014121512,1990
2014121513,2203
2014121514,2375
2014121515,2502
2014121516,3177
2014121517,3908
2014121518,4016
2014121519,1949
2014121520,1320
2014121521,1405
2014121606,1605
2014121607,4529
2014121608,5580
2014121609,3861
2014121610,2896
2014121611,2439
2014121612,1869
2014121613,2297
2014121614,2342
2014121615,2678
2014121616,3365
2014121617,4270
2014121618,4002
2014121619,1986
2014121620,1500
2014121621,1313
2014121706,1550
2014121707,4685
2014121708,5598
2014121709,4081
2014121710,3209
2014121711,2267
2014121712,1800
2014121713,1997
2014121714,2295
2014121715,2562
2014121716,3108
2014121717,4320
2014121718,4652
2014121719,1964
2014121720,1608
2014121721,1440
2014121806,1575
2014121807,4662
2014121808,5627
2014121809,3910
2014121810,2949
2014121811,2469
2014121812,1619
2014121813,2108
2014121814,2345
2014121815,2617
2014121816,3016
2014121817,4359
2014121818,3904
2014121819,1951
2014121820,1432
2014121821,1418
2014121906,1552
2014121907,4394
2014121908,5337
2014121909,3881
2014121910,3075
2014121911,2480
2014121912,1745
2014121913,2182
2014121914,2283
2014121915,2654
2014121916,3249
2014121917,4155
2014121918,3866
2014121919,2181
2014121920,1499
2014121921,1541
2014122006,721
2014122007,2544
2014122008,3712
2014122009,3937
2014122010,3400
2014122011,3331
2014122012,2969
2014122013,3094
2014122014,3434
2014122015,2702
2014122016,2760
2014122017,3227
2014122018,2741
2014122019,1986
2014122020,1698
2014122021,1660
2014122106,640
2014122107,1775
2014122108,3366
2014122109,3722
2014122110,3596
2014122111,3404
2014122112,2944
2014122113,3542
2014122114,3704
2014122115,3011
2014122116,3109
2014122117,2994
2014122118,2747
2014122119,1896
2014122120,1763
2014122121,1482
2014122206,1480
2014122207,4832
2014122208,5538
2014122209,4052
2014122210,3022
2014122211,2260
2014122212,1821
2014122213,2057
2014122214,2114
2014122215,2869
2014122216,4202
2014122217,5291
2014122218,4317
2014122219,1859
2014122220,1638
2014122221,1317
2014122306,1435
2014122307,4790
2014122308,5960
2014122309,4214
2014122310,3216
2014122311,2478
2014122312,1914
2014122313,2211
2014122314,2357
2014122315,2793
2014122316,3222
2014122317,4226
2014122318,4116
2014122319,2329
2014122320,1331
2014122321,1388
2014122406,1448
2014122407,4751
2014122408,5633
2014122409,4413
2014122410,3216
2014122411,2713
2014122412,1790
2014122413,2265
2014122414,2408
2014122415,2565
2014122416,3093
2014122417,4144
2014122418,4239
2014122419,2035
2014122420,1699
2014122421,1432
2014122506,1296
2014122507,4445
2014122508,5645
2014122509,3886
2014122510,2983
2014122511,2461
2014122512,1863
2014122513,2115
2014122514,2509
2014122515,2720
2014122516,3168
2014122517,4397
2014122518,4339
2014122519,1950
2014122520,1608
2014122521,1701
2014122606,1486
2014122607,4514
2014122608,5239
2014122609,4010
2014122610,3004
2014122611,2483
2014122612,2003
2014122613,2135
2014122614,2524
2014122615,2839
2014122616,3119
2014122617,4418
2014122618,4324
2014122619,1999
2014122620,1649
2014122621,1674
2014122706,766
2014122707,2237
2014122708,3138
2014122709,3111
2014122710,2746
2014122711,2343
2014122712,2145
2014122713,2414
2014122714,2223
2014122715,2124
2014122716,2226
2014122717,2813
2014122718,2564
2014122719,1464
2014122720,1508
2014122721,1256
2014122806,570
2014122807,1799
2014122808,2801
2014122809,3260
2014122810,3264
2014122811,2967
2014122812,2582
2014122813,2932
2014122814,3144
2014122815,2606
2014122816,2755
2014122817,3370
2014122818,2593
2014122819,2017
2014122820,1952
2014122821,1391
2014122906,1702
2014122907,4755
2014122908,5824
2014122909,4211
2014122910,3284
2014122911,2570
2014122912,2120
2014122913,2423
2014122914,2447
2014122915,2728
2014122916,3401
2014122917,3801
2014122918,4096
2014122919,2289
2014122920,1690
2014122921,1259
2014123006,1552
2014123007,4864
2014123008,5773
2014123009,4194
2014123010,2995
2014123011,2503
2014123012,2023
2014123013,2080
2014123014,2356
2014123015,2602
2014123016,3204
2014123017,4287
2014123018,4042
2014123019,2301
2014123020,1580
2014123021,1488
2014123106,1669
2014123107,4646
2014123108,5546
2014123109,4108
2014123110,3364
2014123111,3068
2014123112,2226
2014123113,2363
2014123114,2751
2014123115,3262
2014123116,3594
2014123117,4635
2014123118,4290
2014123119,2543
2014123120,2107
2014123121,1796
