20140802 2 35 26 1
20140803 2 35 25 1
20140809 2 34 25 1
20140810 2 33 26 1
20140816 3 34 25 1
20140817 3 34 25 1
20140823 3 33 25 1
20140824 9 35 25 1
20140830 10 35 25 1
20140831 3 34 25 1
20140913 12 33 25 1
20140914 11 35 25 1
20140920 9 32 23 4
20140921 15 29 24 5
20140927 3 33 24 1
20141012 10 30 19 6
20141018 10 30 19 1
20141019 10 30 20 1
20141025 17 29 21 1
20141026 3 29 22 1
20141101 11 31 20 1
20141102 16 26 18 8
20141108 20 19 17 1
20141109 16 22 18 1
20141115 3 24 17 1
20141116 9 25 15 1
20141122 10 26 17 1
20141123 10 28 17 1
20141129 16 26 20 1
20141130 23 28 15 9
20141206 3 19 12 1
20141207 23 17 11 1
20141213 3 16 8 1
20141214 3 18 13 1
20141220 10 18 5 1
20141221 10 18 5 8
20141227 23 18 9 1
20141228 9 17 7 7
