1:
20140901
20141201
20150105
20140804
20140811
20140818
20140825
20140915
20140922
20140929
20141013
20141020
20141027
20141103
20141110
20141117
20141124
20141208
20141215
20141222
20141229
0:
20140803
20140810
20140817
20140824
20140831
20140914
20140921
20141012
20141019
20141026
20141102
20141109
20141116
20141123
20141130
20141207
20141214
20141221
20141228
3:
20141008
20140806
20140813
20140820
20140827
20140903
20140910
20140917
20140924
20141015
20141022
20141029
20141105
20141112
20141119
20141126
20141203
20141210
20141217
20141224
20141231
20150107
2:
20140805
20140812
20140819
20140826
20140902
20140909
20140916
20140923
20140930
20141014
20141021
20141028
20141104
20141111
20141118
20141125
20141202
20141209
20141216
20141223
20141230
20150106
5:
20140801
20140808
20140815
20140822
20140829
20140905
20140912
20140919
20140926
20141010
20141017
20141024
20141031
20141107
20141114
20141121
20141128
20141205
20141212
20141219
20141226
4:
20140807
20140814
20140821
20140828
20140904
20140911
20140918
20140925
20141009
20141016
20141023
20141030
20141106
20141113
20141120
20141127
20141204
20141211
20141218
20141225
6:
20141101
20140802
20140809
20140816
20140823
20140830
20140913
20140920
20140927
20141018
20141025
20141108
20141115
20141122
20141129
20141206
20141213
20141220
20141227
