20140801 1 36 26 1
20140804 3 34 26 1
20140805 4 34 26 1
20140806 2 34 26 1
20140807 2 32 26 1
20140808 2 34 25 1
20140811 2 33 26 1
20140812 2 33 25 1
20140813 5 30 24 1
20140814 6 31 25 1
20140815 3 33 25 1
20140818 7 34 25 1
20140819 8 32 24 1
20140820 6 30 25 1
20140821 2 31 25 1
20140822 3 33 24 1
20140825 10 35 25 1
20140826 11 35 25 1
20140827 4 33 25 1
20140828 3 33 25 1
20140829 9 34 25 1
20140901 9 34 24 1
20140902 10 34 24 1
20140903 11 34 25 1
20140904 2 34 24 1
20140905 2 32 24 1
20140909 3 34 25 1
20140910 3 34 25 1
20140911 3 34 25 1
20140912 2 34 25 1
20140915 13 35 25 2
20140916 14 30 25 3
20140917 2 31 25 1
20140918 3 33 25 1
20140919 3 35 24 1
20140922 3 30 23 1
20140923 10 31 23 1
20140924 10 32 23 1
20140925 10 33 23 1
20140926 10 33 24 1
20140928 10 33 24 1
20140929 11 34 24 1
20140930 3 33 24 1
20141008 10 30 18 1
20141009 10 30 19 1
20141010 10 30 21 1
20141011 10 31 19 1
20141013 10 29 18 7
20141014 10 29 17 1
20141015 10 30 16 1
20141016 10 30 18 1
20141017 10 30 18 1
20141020 3 30 20 1
20141021 3 31 21 1
20141022 3 30 21 1
20141023 3 29 20 1
20141024 16 27 21 1
20141027 11 30 21 1
20141028 3 30 20 1
20141029 9 30 21 1
20141030 10 31 20 1
20141031 10 31 20 1
20141103 3 25 17 1
20141104 3 26 17 1
20141105 18 27 20 1
20141106 17 25 19 1
20141107 19 22 16 1
20141110 21 22 17 1
20141111 21 23 17 1
20141112 22 20 16 1
20141113 15 20 16 1
20141114 3 23 16 1
20141117 10 23 14 1
20141118 10 22 13 1
20141119 10 23 14 1
20141120 10 24 15 1
20141121 10 26 15 1
20141124 11 28 18 1
20141125 3 27 16 1
20141126 17 25 18 1
20141127 15 25 20 1
20141128 17 26 21 1
20141201 22 16 11 10
20141202 23 14 11 1
20141203 24 15 9 6
20141204 25 13 9 11
20141205 3 17 8 1
20141208 25 17 11 1
20141209 3 20 14 1
20141210 16 20 12 1
20141211 25 15 11 8
20141212 3 15 8 7
20141215 3 21 11 12
20141216 3 16 6 13
20141217 10 15 5 7
20141218 26 17 9 1
20141219 25 14 7 1
20141222 11 16 8 1
20141223 17 17 11 1
20141224 15 20 13 1
20141225 23 18 13 1
20141226 23 17 12 1
20141229 10 18 4 1
20141230 10 19 6 1
20141231 10 22 8 6
