20140801
20140804
20140805
20140806
20140807
20140808
20140811
20140812
20140813
20140814
20140815
20140818
20140819
20140820
20140821
20140822
20140825
20140826
20140827
20140828
20140829
20140901
20140902
20140903
20140904
20140905
20140909
20140910
20140911
20140912
20140915
20140916
20140917
20140918
20140919
20140922
20140923
20140924
20140925
20140926
20140928
20140929
20140930
20141008
20141009
20141010
20141011
20141013
20141014
20141015
20141016
20141017
20141020
20141021
20141022
20141023
20141024
20141027
20141028
20141029
20141030
20141031
20141103
20141104
20141105
20141106
20141107
20141110
20141111
20141112
20141113
20141114
20141117
20141118
20141119
20141120
20141121
20141124
20141125
20141126
20141127
20141128
20141201
20141202
20141203
20141204
20141205
20141208
20141209
20141210
20141211
20141212
20141215
20141216
20141217
20141218
20141219
20141222
20141223
20141224
20141225
20141226
20141229
20141230
20141231
20150104
20150105
20150106
20150107
