线路10,20150104,06,1543
线路15,20150104,06,504
线路10,20150104,07,4547
线路15,20150104,07,1827
线路10,20150104,08,4764
线路15,20150104,08,2290
线路10,20150104,09,3291
线路15,20150104,09,1489
线路10,20150104,10,2693
线路15,20150104,10,1130
线路10,20150104,11,2063
线路15,20150104,11,918
线路10,20150104,12,1969
线路15,20150104,12,802
线路10,20150104,13,2068
线路15,20150104,13,875
线路10,20150104,14,2185
线路15,20150104,14,941
线路10,20150104,15,2381
线路15,20150104,15,941
线路10,20150104,16,2795
线路15,20150104,16,1168
线路10,20150104,17,3604
线路15,20150104,17,1770
线路10,20150104,18,3545
线路15,20150104,18,1919
线路10,20150104,19,2021
线路15,20150104,19,1225
线路10,20150104,20,1532
线路15,20150104,20,822
线路10,20150104,21,1393
线路15,20150104,21,764
线路10,20150105,06,1547
线路15,20150105,06,522
线路10,20150105,07,4531
线路15,20150105,07,1842
线路10,20150105,08,4724
线路15,20150105,08,2287
线路10,20150105,09,3244
线路15,20150105,09,1480
线路10,20150105,10,2636
线路15,20150105,10,1124
线路10,20150105,11,2000
线路15,20150105,11,922
线路10,20150105,12,1906
线路15,20150105,12,806
线路10,20150105,13,2005
线路15,20150105,13,880
线路10,20150105,14,2126
线路15,20150105,14,947
线路10,20150105,15,2322
线路15,20150105,15,947
线路10,20150105,16,2736
线路15,20150105,16,1165
线路10,20150105,17,3551
线路15,20150105,17,1736
线路10,20150105,18,3492
线路15,20150105,18,1896
线路10,20150105,19,1968
线路15,20150105,19,1208
线路10,20150105,20,1479
线路15,20150105,20,816
线路10,20150105,21,1336
线路15,20150105,21,754
线路10,20150106,06,1609
线路15,20150106,06,478
线路10,20150106,07,4592
线路15,20150106,07,1818
线路10,20150106,08,4765
线路15,20150106,08,2279
线路10,20150106,09,3291
线路15,20150106,09,1479
线路10,20150106,10,2694
线路15,20150106,10,1122
线路10,20150106,11,2064
线路15,20150106,11,921
线路10,20150106,12,1969
线路15,20150106,12,806
线路10,20150106,13,2068
线路15,20150106,13,880
线路10,20150106,14,2189
线路15,20150106,14,947
线路10,20150106,15,2386
线路15,20150106,15,947
线路10,20150106,16,2800
线路15,20150106,16,1165
线路10,20150106,17,3609
线路15,20150106,17,1736
线路10,20150106,18,3549
线路15,20150106,18,1885
线路10,20150106,19,1976
线路15,20150106,19,1197
线路10,20150106,20,1500
线路15,20150106,20,816
线路10,20150106,21,1382
线路15,20150106,21,754
线路10,20150107,06,1292
线路15,20150107,06,496
线路10,20150107,07,4485
线路15,20150107,07,1810
线路10,20150107,08,4722
线路15,20150107,08,2220
线路10,20150107,09,3248
线路15,20150107,09,1461
线路10,20150107,10,2675
线路15,20150107,10,1117
线路10,20150107,11,2055
线路15,20150107,11,907
线路10,20150107,12,1970
线路15,20150107,12,798
线路10,20150107,13,2069
线路15,20150107,13,871
线路10,20150107,14,2187
线路15,20150107,14,938
线路10,20150107,15,2383
线路15,20150107,15,938
线路10,20150107,16,2797
线路15,20150107,16,1163
线路10,20150107,17,3623
线路15,20150107,17,1763
线路10,20150107,18,3564
线路15,20150107,18,1904
线路10,20150107,19,1977
线路15,20150107,19,1207
线路10,20150107,20,1501
线路15,20150107,20,779
线路10,20150107,21,1383
线路15,20150107,21,740
线路10,20150101,06,417
线路15,20150101,06,236
线路10,20150101,07,1123
线路15,20150101,07,904
线路10,20150101,08,1432
线路15,20150101,08,1136
线路10,20150101,09,1406
线路15,20150101,09,743
线路10,20150101,10,1385
线路15,20150101,10,570
线路10,20150101,11,1177
线路15,20150101,11,469
线路10,20150101,12,1165
线路15,20150101,12,411
线路10,20150101,13,1255
线路15,20150101,13,448
线路10,20150101,14,1279
线路15,20150101,14,481
线路10,20150101,15,1279
线路15,20150101,15,481
线路10,20150101,16,1378
线路15,20150101,16,590
线路10,20150101,17,1454
线路15,20150101,17,874
线路10,20150101,18,1251
线路15,20150101,18,949
线路10,20150101,19,909
线路15,20150101,19,606
线路10,20150101,20,832
线路15,20150101,20,421
线路10,20150101,21,742
线路15,20150101,21,393
线路10,20150102,06,417
线路15,20150102,06,236
线路10,20150102,07,1123
线路15,20150102,07,909
线路10,20150102,08,1432
线路15,20150102,08,1140
线路10,20150102,09,1406
线路15,20150102,09,748
线路10,20150102,10,1385
线路15,20150102,10,570
线路10,20150102,11,1177
线路15,20150102,11,469
线路10,20150102,12,1165
线路15,20150102,12,411
线路10,20150102,13,1255
线路15,20150102,13,448
线路10,20150102,14,1279
线路15,20150102,14,481
线路10,20150102,15,1279
线路15,20150102,15,481
线路10,20150102,16,1378
线路15,20150102,16,590
线路10,20150102,17,1442
线路15,20150102,17,874
线路10,20150102,18,1251
线路15,20150102,18,949
线路10,20150102,19,909
线路15,20150102,19,606
线路10,20150102,20,832
线路15,20150102,20,421
线路10,20150102,21,742
线路15,20150102,21,393
线路10,20150103,06,407
线路15,20150103,06,236
线路10,20150103,07,1113
线路15,20150103,07,909
线路10,20150103,08,1422
线路15,20150103,08,1140
线路10,20150103,09,1396
线路15,20150103,09,748
线路10,20150103,10,1376
线路15,20150103,10,570
线路10,20150103,11,1167
线路15,20150103,11,469
线路10,20150103,12,1155
线路15,20150103,12,411
线路10,20150103,13,1245
线路15,20150103,13,448
线路10,20150103,14,1269
线路15,20150103,14,481
线路10,20150103,15,1269
线路15,20150103,15,481
线路10,20150103,16,1369
线路15,20150103,16,590
线路10,20150103,17,1433
线路15,20150103,17,875
线路10,20150103,18,1241
线路15,20150103,18,950
线路10,20150103,19,906
线路15,20150103,19,609
线路10,20150103,20,830
线路15,20150103,20,429
线路10,20150103,21,740
线路15,20150103,21,400
