线路6,20150104,06,1285
线路11,20150104,06,1785
线路6,20150104,07,3551
线路11,20150104,07,4821
线路6,20150104,08,3933
线路11,20150104,08,5502
线路6,20150104,09,2570
线路11,20150104,09,3946
线路6,20150104,10,1930
线路11,20150104,10,3068
线路6,20150104,11,1726
线路11,20150104,11,2489
线路6,20150104,12,1691
线路11,20150104,12,2131
线路6,20150104,13,1748
线路11,20150104,13,2293
线路6,20150104,14,1865
线路11,20150104,14,2441
线路6,20150104,15,1961
线路11,20150104,15,2624
线路6,20150104,16,2323
线路11,20150104,16,3132
线路6,20150104,17,3110
线路11,20150104,17,4126
线路6,20150104,18,3078
线路11,20150104,18,4126
线路6,20150104,19,1687
线路11,20150104,19,2211
线路6,20150104,20,1284
线路11,20150104,20,1630
线路6,20150104,21,1120
线路11,20150104,21,1563
线路6,20150105,06,1251
线路11,20150105,06,1727
线路6,20150105,07,3509
线路11,20150105,07,4742
线路6,20150105,08,3855
线路11,20150105,08,5423
线路6,20150105,09,2480
线路11,20150105,09,3867
线路6,20150105,10,1804
线路11,20150105,10,2959
线路6,20150105,11,1525
线路11,20150105,11,2369
线路6,20150105,12,1488
线路11,20150105,12,2011
线路6,20150105,13,1520
线路11,20150105,13,2173
线路6,20150105,14,1683
线路11,20150105,14,2321
线路6,20150105,15,1806
线路11,20150105,15,2505
线路6,20150105,16,2174
线路11,20150105,16,3027
线路6,20150105,17,2961
线路11,20150105,17,4027
线路6,20150105,18,2955
线路11,20150105,18,4027
线路6,20150105,19,1590
线路11,20150105,19,2144
线路6,20150105,20,1188
线路11,20150105,20,1563
线路6,20150105,21,1024
线路11,20150105,21,1489
线路6,20150106,06,1301
线路11,20150106,06,1691
线路6,20150106,07,3537
线路11,20150106,07,4707
线路6,20150106,08,3899
线路11,20150106,08,5388
线路6,20150106,09,2536
线路11,20150106,09,3832
线路6,20150106,10,1896
线路11,20150106,10,2942
线路6,20150106,11,1695
线路11,20150106,11,2362
线路6,20150106,12,1661
线路11,20150106,12,2010
线路6,20150106,13,1718
线路11,20150106,13,2172
线路6,20150106,14,1835
线路11,20150106,14,2333
线路6,20150106,15,1931
线路11,20150106,15,2538
线路6,20150106,16,2293
线路11,20150106,16,3069
线路6,20150106,17,3080
线路11,20150106,17,4064
线路6,20150106,18,3048
线路11,20150106,18,4064
线路6,20150106,19,1656
线路11,20150106,19,2181
线路6,20150106,20,1254
线路11,20150106,20,1600
线路6,20150106,21,1090
线路11,20150106,21,1534
线路6,20150107,06,1227
线路11,20150107,06,1692
线路6,20150107,07,3535
线路11,20150107,07,4773
线路6,20150107,08,3925
线路11,20150107,08,5472
线路6,20150107,09,2563
线路11,20150107,09,3916
线路6,20150107,10,1923
线路11,20150107,10,3038
线路6,20150107,11,1718
线路11,20150107,11,2459
线路6,20150107,12,1684
线路11,20150107,12,2100
线路6,20150107,13,1741
线路11,20150107,13,2262
线路6,20150107,14,1858
线路11,20150107,14,2410
线路6,20150107,15,1954
线路11,20150107,15,2594
线路6,20150107,16,2316
线路11,20150107,16,3101
线路6,20150107,17,3103
线路11,20150107,17,4096
线路6,20150107,18,3071
线路11,20150107,18,4096
线路6,20150107,19,1679
线路11,20150107,19,2181
线路6,20150107,20,1243
线路11,20150107,20,1600
线路6,20150107,21,1101
线路11,20150107,21,1532
线路6,20150101,06,663
线路11,20150101,06,842
线路6,20150101,07,1534
线路11,20150101,07,2269
线路6,20150101,08,2226
线路11,20150101,08,3551
线路6,20150101,09,2161
线路11,20150101,09,3715
线路6,20150101,10,2063
线路11,20150101,10,3417
线路6,20150101,11,1938
线路11,20150101,11,3042
线路6,20150101,12,1926
线路11,20150101,12,2909
线路6,20150101,13,1987
线路11,20150101,13,3048
线路6,20150101,14,2156
线路11,20150101,14,3056
线路6,20150101,15,2156
线路11,20150101,15,2938
线路6,20150101,16,2156
线路11,20150101,16,2938
线路6,20150101,17,2242
线路11,20150101,17,3131
线路6,20150101,18,2186
线路11,20150101,18,2830
线路6,20150101,19,1553
线路11,20150101,19,2036
线路6,20150101,20,1391
线路11,20150101,20,1906
线路6,20150101,21,1174
线路11,20150101,21,1617
线路6,20150102,06,663
线路11,20150102,06,815
线路6,20150102,07,1534
线路11,20150102,07,2241
线路6,20150102,08,2226
线路11,20150102,08,3536
线路6,20150102,09,2161
线路11,20150102,09,3632
线路6,20150102,10,2063
线路11,20150102,10,3334
线路6,20150102,11,1938
线路11,20150102,11,2917
线路6,20150102,12,1926
线路11,20150102,12,2782
线路6,20150102,13,1987
线路11,20150102,13,2931
线路6,20150102,14,2133
线路11,20150102,14,2939
线路6,20150102,15,2133
线路11,20150102,15,2900
线路6,20150102,16,2133
线路11,20150102,16,2900
线路6,20150102,17,2219
线路11,20150102,17,3104
线路6,20150102,18,2163
线路11,20150102,18,2803
线路6,20150102,19,1530
线路11,20150102,19,2046
线路6,20150102,20,1368
线路11,20150102,20,1918
线路6,20150102,21,1174
线路11,20150102,21,1629
线路6,20150103,06,651
线路11,20150103,06,834
线路6,20150103,07,1570
线路11,20150103,07,2241
线路6,20150103,08,2226
线路11,20150103,08,3536
线路6,20150103,09,2161
线路11,20150103,09,3632
线路6,20150103,10,2063
线路11,20150103,10,3334
线路6,20150103,11,1938
线路11,20150103,11,2917
线路6,20150103,12,1926
线路11,20150103,12,2782
线路6,20150103,13,1987
线路11,20150103,13,2931
线路6,20150103,14,2133
线路11,20150103,14,2939
线路6,20150103,15,2133
线路11,20150103,15,2900
线路6,20150103,16,2133
线路11,20150103,16,2900
线路6,20150103,17,2219
线路11,20150103,17,3104
线路6,20150103,18,2163
线路11,20150103,18,2803
线路6,20150103,19,1530
线路11,20150103,19,2046
线路6,20150103,20,1368
线路11,20150103,20,1918
线路6,20150103,21,1174
线路11,20150103,21,1629
