线路10,20150104,06,1532
线路15,20150104,06,517
线路10,20150104,07,4527
线路15,20150104,07,1837
线路10,20150104,08,4721
线路15,20150104,08,2274
线路10,20150104,09,3266
线路15,20150104,09,1479
线路10,20150104,10,2669
线路15,20150104,10,1121
线路10,20150104,11,2042
线路15,20150104,11,917
线路10,20150104,12,1970
线路15,20150104,12,832
线路10,20150104,13,2049
线路15,20150104,13,874
线路10,20150104,14,2163
线路15,20150104,14,941
线路10,20150104,15,2359
线路15,20150104,15,941
线路10,20150104,16,2773
线路15,20150104,16,1162
线路10,20150104,17,3565
线路15,20150104,17,1747
线路10,20150104,18,3514
线路15,20150104,18,1900
线路10,20150104,19,2003
线路15,20150104,19,1218
线路10,20150104,20,1515
线路15,20150104,20,827
线路10,20150104,21,1384
线路15,20150104,21,773
线路10,20150105,06,1563
线路15,20150105,06,534
线路10,20150105,07,4539
线路15,20150105,07,1848
线路10,20150105,08,4708
线路15,20150105,08,2276
线路10,20150105,09,3250
线路15,20150105,09,1475
线路10,20150105,10,2643
线路15,20150105,10,1119
线路10,20150105,11,2010
线路15,20150105,11,921
线路10,20150105,12,1938
线路15,20150105,12,836
线路10,20150105,13,2017
线路15,20150105,13,878
线路10,20150105,14,2131
线路15,20150105,14,945
线路10,20150105,15,2328
线路15,20150105,15,945
线路10,20150105,16,2742
线路15,20150105,16,1159
线路10,20150105,17,3540
线路15,20150105,17,1729
线路10,20150105,18,3488
线路15,20150105,18,1890
线路10,20150105,19,1977
线路15,20150105,19,1215
线路10,20150105,20,1490
线路15,20150105,20,825
线路10,20150105,21,1358
线路15,20150105,21,768
线路10,20150106,06,1583
线路15,20150106,06,496
线路10,20150106,07,4557
线路15,20150106,07,1833
线路10,20150106,08,4738
线路15,20150106,08,2270
线路10,20150106,09,3283
线路15,20150106,09,1475
线路10,20150106,10,2686
线路15,20150106,10,1119
线路10,20150106,11,2059
线路15,20150106,11,921
线路10,20150106,12,1987
线路15,20150106,12,836
线路10,20150106,13,2066
线路15,20150106,13,878
线路10,20150106,14,2181
线路15,20150106,14,945
线路10,20150106,15,2377
线路15,20150106,15,945
线路10,20150106,16,2791
线路15,20150106,16,1159
线路10,20150106,17,3583
线路15,20150106,17,1729
线路10,20150106,18,3532
线路15,20150106,18,1882
线路10,20150106,19,1976
线路15,20150106,19,1207
线路10,20150106,20,1505
线路15,20150106,20,825
线路10,20150106,21,1389
线路15,20150106,21,768
线路10,20150107,06,1298
线路15,20150107,06,505
线路10,20150107,07,4496
线路15,20150107,07,1822
线路10,20150107,08,4700
线路15,20150107,08,2220
线路10,20150107,09,3246
线路15,20150107,09,1465
线路10,20150107,10,2673
线路15,20150107,10,1121
线路10,20150107,11,2052
线路15,20150107,11,917
线路10,20150107,12,1981
线路15,20150107,12,832
线路10,20150107,13,2060
线路15,20150107,13,874
线路10,20150107,14,2174
线路15,20150107,14,941
线路10,20150107,15,2370
线路15,20150107,15,941
线路10,20150107,16,2784
线路15,20150107,16,1162
线路10,20150107,17,3589
线路15,20150107,17,1745
线路10,20150107,18,3537
线路15,20150107,18,1899
线路10,20150107,19,1989
线路15,20150107,19,1216
线路10,20150107,20,1518
线路15,20150107,20,799
线路10,20150107,21,1400
线路15,20150107,21,765
线路10,20150101,06,764
线路15,20150101,06,340
线路10,20150101,07,1934
线路15,20150101,07,1013
线路10,20150101,08,2608
线路15,20150101,08,1438
线路10,20150101,09,2604
线路15,20150101,09,1296
线路10,20150101,10,2524
线路15,20150101,10,1162
线路10,20150101,11,2045
线路15,20150101,11,946
线路10,20150101,12,1858
线路15,20150101,12,828
线路10,20150101,13,2171
线路15,20150101,13,924
线路10,20150101,14,2300
线路15,20150101,14,997
线路10,20150101,15,2294
线路15,20150101,15,994
线路10,20150101,16,2501
线路15,20150101,16,1054
线路10,20150101,17,2619
线路15,20150101,17,1453
线路10,20150101,18,2688
线路15,20150101,18,1470
线路10,20150101,19,1776
线路15,20150101,19,1045
线路10,20150101,20,1607
线路15,20150101,20,879
线路10,20150101,21,1244
线路15,20150101,21,749
线路10,20150102,06,764
线路15,20150102,06,340
线路10,20150102,07,1934
线路15,20150102,07,1013
线路10,20150102,08,2608
线路15,20150102,08,1438
线路10,20150102,09,2604
线路15,20150102,09,1296
线路10,20150102,10,2524
线路15,20150102,10,1162
线路10,20150102,11,2045
线路15,20150102,11,946
线路10,20150102,12,1858
线路15,20150102,12,828
线路10,20150102,13,2171
线路15,20150102,13,924
线路10,20150102,14,2300
线路15,20150102,14,997
线路10,20150102,15,2294
线路15,20150102,15,994
线路10,20150102,16,2501
线路15,20150102,16,1054
线路10,20150102,17,2619
线路15,20150102,17,1453
线路10,20150102,18,2688
线路15,20150102,18,1470
线路10,20150102,19,1776
线路15,20150102,19,1045
线路10,20150102,20,1607
线路15,20150102,20,879
线路10,20150102,21,1244
线路15,20150102,21,749
线路10,20150103,06,764
线路15,20150103,06,340
线路10,20150103,07,1934
线路15,20150103,07,1013
线路10,20150103,08,2608
线路15,20150103,08,1438
线路10,20150103,09,2604
线路15,20150103,09,1296
线路10,20150103,10,2524
线路15,20150103,10,1162
线路10,20150103,11,2045
线路15,20150103,11,946
线路10,20150103,12,1858
线路15,20150103,12,828
线路10,20150103,13,2171
线路15,20150103,13,924
线路10,20150103,14,2300
线路15,20150103,14,997
线路10,20150103,15,2294
线路15,20150103,15,994
线路10,20150103,16,2501
线路15,20150103,16,1054
线路10,20150103,17,2619
线路15,20150103,17,1453
线路10,20150103,18,2688
线路15,20150103,18,1470
线路10,20150103,19,1776
线路15,20150103,19,1045
线路10,20150103,20,1607
线路15,20150103,20,879
线路10,20150103,21,1244
线路15,20150103,21,749