线路6,20150104,06,1285
线路11,20150104,06,1785
线路6,20150104,07,3551
线路11,20150104,07,4821
线路6,20150104,08,3933
线路11,20150104,08,5502
线路6,20150104,09,2570
线路11,20150104,09,3946
线路6,20150104,10,1930
线路11,20150104,10,3068
线路6,20150104,11,1726
线路11,20150104,11,2489
线路6,20150104,12,1691
线路11,20150104,12,2131
线路6,20150104,13,1748
线路11,20150104,13,2293
线路6,20150104,14,1865
线路11,20150104,14,2441
线路6,20150104,15,1961
线路11,20150104,15,2624
线路6,20150104,16,2323
线路11,20150104,16,3132
线路6,20150104,17,3110
线路11,20150104,17,4126
线路6,20150104,18,3078
线路11,20150104,18,4126
线路6,20150104,19,1687
线路11,20150104,19,2211
线路6,20150104,20,1284
线路11,20150104,20,1630
线路6,20150104,21,1120
线路11,20150104,21,1563
线路6,20150105,06,1251
线路11,20150105,06,1727
线路6,20150105,07,3509
线路11,20150105,07,4742
线路6,20150105,08,3855
线路11,20150105,08,5423
线路6,20150105,09,2480
线路11,20150105,09,3867
线路6,20150105,10,1804
线路11,20150105,10,2959
线路6,20150105,11,1525
线路11,20150105,11,2369
线路6,20150105,12,1488
线路11,20150105,12,2011
线路6,20150105,13,1520
线路11,20150105,13,2173
线路6,20150105,14,1683
线路11,20150105,14,2321
线路6,20150105,15,1806
线路11,20150105,15,2505
线路6,20150105,16,2174
线路11,20150105,16,3027
线路6,20150105,17,2961
线路11,20150105,17,4027
线路6,20150105,18,2955
线路11,20150105,18,4027
线路6,20150105,19,1590
线路11,20150105,19,2144
线路6,20150105,20,1188
线路11,20150105,20,1563
线路6,20150105,21,1024
线路11,20150105,21,1489
线路6,20150106,06,1301
线路11,20150106,06,1691
线路6,20150106,07,3537
线路11,20150106,07,4707
线路6,20150106,08,3899
线路11,20150106,08,5388
线路6,20150106,09,2536
线路11,20150106,09,3832
线路6,20150106,10,1896
线路11,20150106,10,2942
线路6,20150106,11,1695
线路11,20150106,11,2362
线路6,20150106,12,1661
线路11,20150106,12,2010
线路6,20150106,13,1718
线路11,20150106,13,2172
线路6,20150106,14,1835
线路11,20150106,14,2333
线路6,20150106,15,1931
线路11,20150106,15,2538
线路6,20150106,16,2293
线路11,20150106,16,3069
线路6,20150106,17,3080
线路11,20150106,17,4064
线路6,20150106,18,3048
线路11,20150106,18,4064
线路6,20150106,19,1656
线路11,20150106,19,2181
线路6,20150106,20,1254
线路11,20150106,20,1600
线路6,20150106,21,1090
线路11,20150106,21,1534
线路6,20150107,06,1227
线路11,20150107,06,1692
线路6,20150107,07,3535
线路11,20150107,07,4773
线路6,20150107,08,3925
线路11,20150107,08,5472
线路6,20150107,09,2563
线路11,20150107,09,3916
线路6,20150107,10,1923
线路11,20150107,10,3038
线路6,20150107,11,1718
线路11,20150107,11,2459
线路6,20150107,12,1684
线路11,20150107,12,2100
线路6,20150107,13,1741
线路11,20150107,13,2262
线路6,20150107,14,1858
线路11,20150107,14,2410
线路6,20150107,15,1954
线路11,20150107,15,2594
线路6,20150107,16,2316
线路11,20150107,16,3101
线路6,20150107,17,3103
线路11,20150107,17,4096
线路6,20150107,18,3071
线路11,20150107,18,4096
线路6,20150107,19,1679
线路11,20150107,19,2181
线路6,20150107,20,1243
线路11,20150107,20,1600
线路6,20150107,21,1101
线路11,20150107,21,1532
线路6,20150101,06,649
线路11,20150101,06,854
线路6,20150101,07,1579
线路11,20150101,07,2299
线路6,20150101,08,2256
线路11,20150101,08,3622
线路6,20150101,09,2156
线路11,20150101,09,3733
线路6,20150101,10,2078
线路11,20150101,10,3437
线路6,20150101,11,1993
线路11,20150101,11,3048
线路6,20150101,12,1990
线路11,20150101,12,2937
线路6,20150101,13,2034
线路11,20150101,13,3070
线路6,20150101,14,2171
线路11,20150101,14,3077
线路6,20150101,15,2171
线路11,20150101,15,2956
线路6,20150101,16,2176
线路11,20150101,16,2962
线路6,20150101,17,2265
线路11,20150101,17,3143
线路6,20150101,18,2219
线路11,20150101,18,2836
线路6,20150101,19,1581
线路11,20150101,19,2065
线路6,20150101,20,1401
线路11,20150101,20,1928
线路6,20150101,21,1187
线路11,20150101,21,1660
线路6,20150102,06,649
线路11,20150102,06,839
线路6,20150102,07,1579
线路11,20150102,07,2283
线路6,20150102,08,2256
线路11,20150102,08,3607
线路6,20150102,09,2156
线路11,20150102,09,3670
线路6,20150102,10,2078
线路11,20150102,10,3374
线路6,20150102,11,1993
线路11,20150102,11,2960
线路6,20150102,12,1990
线路11,20150102,12,2849
线路6,20150102,13,2034
线路11,20150102,13,2977
线路6,20150102,14,2156
线路11,20150102,14,2984
线路6,20150102,15,2156
线路11,20150102,15,2946
线路6,20150102,16,2161
线路11,20150102,16,2953
线路6,20150102,17,2249
线路11,20150102,17,3160
线路6,20150102,18,2204
线路11,20150102,18,2867
线路6,20150102,19,1566
线路11,20150102,19,2096
线路6,20150102,20,1386
线路11,20150102,20,1959
线路6,20150102,21,1187
线路11,20150102,21,1692
线路6,20150103,06,662
线路11,20150103,06,843
线路6,20150103,07,1593
线路11,20150103,07,2283
线路6,20150103,08,2256
线路11,20150103,08,3607
线路6,20150103,09,2156
线路11,20150103,09,3670
线路6,20150103,10,2078
线路11,20150103,10,3374
线路6,20150103,11,1993
线路11,20150103,11,2960
线路6,20150103,12,1990
线路11,20150103,12,2849
线路6,20150103,13,2034
线路11,20150103,13,2977
线路6,20150103,14,2156
线路11,20150103,14,2984
线路6,20150103,15,2156
线路11,20150103,15,2946
线路6,20150103,16,2161
线路11,20150103,16,2953
线路6,20150103,17,2249
线路11,20150103,17,3160
线路6,20150103,18,2204
线路11,20150103,18,2867
线路6,20150103,19,1566
线路11,20150103,19,2096
线路6,20150103,20,1386
线路11,20150103,20,1959
线路6,20150103,21,1187
线路11,20150103,21,1692
