线路10,20150104,06,1565
线路15,20150104,06,522
线路10,20150104,07,4503
线路15,20150104,07,1746
线路10,20150104,08,4777
线路15,20150104,08,2274
线路10,20150104,09,3480
线路15,20150104,09,1492
线路10,20150104,10,2782
线路15,20150104,10,1124
线路10,20150104,11,2059
线路15,20150104,11,956
线路10,20150104,12,1900
线路15,20150104,12,762
线路10,20150104,13,2073
线路15,20150104,13,902
线路10,20150104,14,2189
线路15,20150104,14,982
线路10,20150104,15,2404
线路15,20150104,15,972
线路10,20150104,16,2831
线路15,20150104,16,1228
线路10,20150104,17,3581
线路15,20150104,17,1786
线路10,20150104,18,3421
线路15,20150104,18,1882
线路10,20150104,19,2046
线路15,20150104,19,1237
线路10,20150104,20,1515
线路15,20150104,20,827
线路10,20150104,21,1333
线路15,20150104,21,765
线路10,20150105,06,1541
线路15,20150105,06,506
线路10,20150105,07,4449
线路15,20150105,07,1814
线路10,20150105,08,4778
线路15,20150105,08,2317
线路10,20150105,09,3259
线路15,20150105,09,1517
线路10,20150105,10,2636
线路15,20150105,10,1103
线路10,20150105,11,2061
线路15,20150105,11,917
线路10,20150105,12,1866
线路15,20150105,12,750
线路10,20150105,13,2039
线路15,20150105,13,891
线路10,20150105,14,2155
线路15,20150105,14,970
线路10,20150105,15,2365
线路15,20150105,15,960
线路10,20150105,16,2801
线路15,20150105,16,1186
线路10,20150105,17,3575
线路15,20150105,17,1762
线路10,20150105,18,3469
线路15,20150105,18,1901
线路10,20150105,19,1953
线路15,20150105,19,1191
线路10,20150105,20,1455
线路15,20150105,20,802
线路10,20150105,21,1332
线路15,20150105,21,747
线路10,20150106,06,1487
线路15,20150106,06,429
线路10,20150106,07,4556
线路15,20150106,07,1814
线路10,20150106,08,4769
线路15,20150106,08,2279
线路10,20150106,09,3393
线路15,20150106,09,1520
线路10,20150106,10,2613
线路15,20150106,10,1105
线路10,20150106,11,2002
线路15,20150106,11,955
线路10,20150106,12,1878
线路15,20150106,12,750
线路10,20150106,13,2051
线路15,20150106,13,895
线路10,20150106,14,2157
线路15,20150106,14,977
线路10,20150106,15,2354
线路15,20150106,15,965
线路10,20150106,16,2824
线路15,20150106,16,1193
线路10,20150106,17,3684
线路15,20150106,17,1764
线路10,20150106,18,3437
线路15,20150106,18,1855
线路10,20150106,19,2084
线路15,20150106,19,1171
线路10,20150106,20,1576
线路15,20150106,20,807
线路10,20150106,21,1430
线路15,20150106,21,749
线路10,20150107,06,1269
线路15,20150107,06,484
线路10,20150107,07,4530
线路15,20150107,07,1709
线路10,20150107,08,4766
线路15,20150107,08,2159
线路10,20150107,09,3347
线路15,20150107,09,1424
线路10,20150107,10,2731
线路15,20150107,10,1018
线路10,20150107,11,2068
线路15,20150107,11,932
线路10,20150107,12,1912
线路15,20150107,12,742
线路10,20150107,13,2084
线路15,20150107,13,880
线路10,20150107,14,2184
线路15,20150107,14,950
线路10,20150107,15,2377
线路15,20150107,15,908
线路10,20150107,16,2891
线路15,20150107,16,1202
线路10,20150107,17,3663
线路15,20150107,17,1779
线路10,20150107,18,3479
线路15,20150107,18,1881
线路10,20150107,19,1943
线路15,20150107,19,1271
线路10,20150107,20,1514
线路15,20150107,20,772
线路10,20150107,21,1325
线路15,20150107,21,731
线路10,20150101,06,787
线路15,20150101,06,469
线路10,20150101,07,2187
线路15,20150101,07,1427
线路10,20150101,08,2740
线路15,20150101,08,1960
线路10,20150101,09,2636
线路15,20150101,09,1493
线路10,20150101,10,2631
线路15,20150101,10,1306
线路10,20150101,11,2157
线路15,20150101,11,1094
线路10,20150101,12,2046
线路15,20150101,12,917
线路10,20150101,13,2319
线路15,20150101,13,1044
线路10,20150101,14,2414
线路15,20150101,14,1103
线路10,20150101,15,2411
线路15,20150101,15,1090
线路10,20150101,16,2617
线路15,20150101,16,1241
线路10,20150101,17,2748
线路15,20150101,17,1683
线路10,20150101,18,2626
线路15,20150101,18,1732
线路10,20150101,19,1802
线路15,20150101,19,1147
线路10,20150101,20,1605
线路15,20150101,20,900
线路10,20150101,21,1351
线路15,20150101,21,875
线路10,20150102,06,790
线路15,20150102,06,469
线路10,20150102,07,2192
线路15,20150102,07,1428
线路10,20150102,08,2708
线路15,20150102,08,1961
线路10,20150102,09,2636
线路15,20150102,09,1518
线路10,20150102,10,2631
线路15,20150102,10,1303
线路10,20150102,11,2157
线路15,20150102,11,1092
线路10,20150102,12,2046
线路15,20150102,12,920
线路10,20150102,13,2319
线路15,20150102,13,1048
线路10,20150102,14,2414
线路15,20150102,14,1110
线路10,20150102,15,2411
线路15,20150102,15,1099
线路10,20150102,16,2617
线路15,20150102,16,1255
线路10,20150102,17,2748
线路15,20150102,17,1731
线路10,20150102,18,2626
线路15,20150102,18,1774
线路10,20150102,19,1802
线路15,20150102,19,1157
线路10,20150102,20,1605
线路15,20150102,20,904
线路10,20150102,21,1339
线路15,20150102,21,821
线路10,20150103,06,790
线路15,20150103,06,483
线路10,20150103,07,2188
线路15,20150103,07,1418
线路10,20150103,08,2700
线路15,20150103,08,1957
线路10,20150103,09,2632
线路15,20150103,09,1518
线路10,20150103,10,2626
线路15,20150103,10,1265
线路10,20150103,11,2152
线路15,20150103,11,1091
线路10,20150103,12,2041
线路15,20150103,12,920
线路10,20150103,13,2314
线路15,20150103,13,1049
线路10,20150103,14,2409
线路15,20150103,14,1111
线路10,20150103,15,2406
线路15,20150103,15,1106
线路10,20150103,16,2612
线路15,20150103,16,1262
线路10,20150103,17,2743
线路15,20150103,17,1746
线路10,20150103,18,2623
线路15,20150103,18,1785
线路10,20150103,19,1802
线路15,20150103,19,1220
线路10,20150103,20,1604
线路15,20150103,20,910
线路10,20150103,21,1335
线路15,20150103,21,833