线路10,20150104,06,1532
线路15,20150104,06,517
线路10,20150104,07,4527
线路15,20150104,07,1837
线路10,20150104,08,4721
线路15,20150104,08,2274
线路10,20150104,09,3266
线路15,20150104,09,1479
线路10,20150104,10,2669
线路15,20150104,10,1121
线路10,20150104,11,2042
线路15,20150104,11,917
线路10,20150104,12,1970
线路15,20150104,12,832
线路10,20150104,13,2049
线路15,20150104,13,874
线路10,20150104,14,2163
线路15,20150104,14,941
线路10,20150104,15,2359
线路15,20150104,15,941
线路10,20150104,16,2773
线路15,20150104,16,1162
线路10,20150104,17,3565
线路15,20150104,17,1747
线路10,20150104,18,3514
线路15,20150104,18,1900
线路10,20150104,19,2003
线路15,20150104,19,1218
线路10,20150104,20,1515
线路15,20150104,20,827
线路10,20150104,21,1384
线路15,20150104,21,773
线路10,20150105,06,1563
线路15,20150105,06,534
线路10,20150105,07,4539
线路15,20150105,07,1848
线路10,20150105,08,4708
线路15,20150105,08,2276
线路10,20150105,09,3250
线路15,20150105,09,1475
线路10,20150105,10,2643
线路15,20150105,10,1119
线路10,20150105,11,2010
线路15,20150105,11,921
线路10,20150105,12,1938
线路15,20150105,12,836
线路10,20150105,13,2017
线路15,20150105,13,878
线路10,20150105,14,2131
线路15,20150105,14,945
线路10,20150105,15,2328
线路15,20150105,15,945
线路10,20150105,16,2742
线路15,20150105,16,1159
线路10,20150105,17,3540
线路15,20150105,17,1729
线路10,20150105,18,3488
线路15,20150105,18,1890
线路10,20150105,19,1977
线路15,20150105,19,1215
线路10,20150105,20,1490
线路15,20150105,20,825
线路10,20150105,21,1358
线路15,20150105,21,768
线路10,20150106,06,1583
线路15,20150106,06,495
线路10,20150106,07,4557
线路15,20150106,07,1833
线路10,20150106,08,4738
线路15,20150106,08,2270
线路10,20150106,09,3283
线路15,20150106,09,1475
线路10,20150106,10,2686
线路15,20150106,10,1119
线路10,20150106,11,2059
线路15,20150106,11,921
线路10,20150106,12,1987
线路15,20150106,12,836
线路10,20150106,13,2066
线路15,20150106,13,878
线路10,20150106,14,2181
线路15,20150106,14,945
线路10,20150106,15,2377
线路15,20150106,15,945
线路10,20150106,16,2791
线路15,20150106,16,1159
线路10,20150106,17,3583
线路15,20150106,17,1729
线路10,20150106,18,3532
线路15,20150106,18,1882
线路10,20150106,19,1976
线路15,20150106,19,1207
线路10,20150106,20,1505
线路15,20150106,20,825
线路10,20150106,21,1389
线路15,20150106,21,768
线路10,20150107,06,1298
线路15,20150107,06,505
线路10,20150107,07,4496
线路15,20150107,07,1822
线路10,20150107,08,4700
线路15,20150107,08,2220
线路10,20150107,09,3246
线路15,20150107,09,1465
线路10,20150107,10,2673
线路15,20150107,10,1121
线路10,20150107,11,2052
线路15,20150107,11,917
线路10,20150107,12,1981
线路15,20150107,12,832
线路10,20150107,13,2060
线路15,20150107,13,874
线路10,20150107,14,2174
线路15,20150107,14,941
线路10,20150107,15,2370
线路15,20150107,15,941
线路10,20150107,16,2784
线路15,20150107,16,1162
线路10,20150107,17,3589
线路15,20150107,17,1745
线路10,20150107,18,3537
线路15,20150107,18,1899
线路10,20150107,19,1989
线路15,20150107,19,1216
线路10,20150107,20,1518
线路15,20150107,20,799
线路10,20150107,21,1400
线路15,20150107,21,765
线路10,20150101,06,799
线路15,20150101,06,324
线路10,20150101,07,2093
线路15,20150101,07,1050
线路10,20150101,08,2744
线路15,20150101,08,1559
线路10,20150101,09,2714
线路15,20150101,09,1393
线路10,20150101,10,2652
线路15,20150101,10,1272
线路10,20150101,11,2203
线路15,20150101,11,1075
线路10,20150101,12,2092
线路15,20150101,12,960
线路10,20150101,13,2342
线路15,20150101,13,1032
线路10,20150101,14,2435
线路15,20150101,14,1080
线路10,20150101,15,2432
线路15,20150101,15,1078
线路10,20150101,16,2636
线路15,20150101,16,1176
线路10,20150101,17,2773
线路15,20150101,17,1572
线路10,20150101,18,2598
线路15,20150101,18,1579
线路10,20150101,19,1797
线路15,20150101,19,1111
线路10,20150101,20,1635
线路15,20150101,20,928
线路10,20150101,21,1360
线路15,20150101,21,822
线路10,20150102,06,799
线路15,20150102,06,319
线路10,20150102,07,2093
线路15,20150102,07,1044
线路10,20150102,08,2744
线路15,20150102,08,1550
线路10,20150102,09,2714
线路15,20150102,09,1384
线路10,20150102,10,2652
线路15,20150102,10,1263
线路10,20150102,11,2203
线路15,20150102,11,1066
线路10,20150102,12,2092
线路15,20150102,12,951
线路10,20150102,13,2342
线路15,20150102,13,1023
线路10,20150102,14,2435
线路15,20150102,14,1071
线路10,20150102,15,2432
线路15,20150102,15,1069
线路10,20150102,16,2636
线路15,20150102,16,1167
线路10,20150102,17,2761
线路15,20150102,17,1569
线路10,20150102,18,2598
线路15,20150102,18,1578
线路10,20150102,19,1797
线路15,20150102,19,1110
线路10,20150102,20,1635
线路15,20150102,20,927
线路10,20150102,21,1360
线路15,20150102,21,801
线路10,20150103,06,786
线路15,20150103,06,320
线路10,20150103,07,2080
线路15,20150103,07,1053
线路10,20150103,08,2731
线路15,20150103,08,1550
线路10,20150103,09,2701
线路15,20150103,09,1384
线路10,20150103,10,2639
线路15,20150103,10,1263
线路10,20150103,11,2190
线路15,20150103,11,1066
线路10,20150103,12,2079
线路15,20150103,12,951
线路10,20150103,13,2329
线路15,20150103,13,1023
线路10,20150103,14,2422
线路15,20150103,14,1071
线路10,20150103,15,2419
线路15,20150103,15,1069
线路10,20150103,16,2623
线路15,20150103,16,1167
线路10,20150103,17,2748
线路15,20150103,17,1569
线路10,20150103,18,2585
线路15,20150103,18,1578
线路10,20150103,19,1794
线路15,20150103,19,1109
线路10,20150103,20,1633
线路15,20150103,20,925
线路10,20150103,21,1354
线路15,20150103,21,795