06 3 34 25 1 354 
07 3 34 25 1 1200 
08 3 34 25 1 1815 
09 3 34 25 1 1666 
10 3 34 25 1 1561 
11 3 34 25 1 1261 
12 3 34 25 1 770 
13 3 34 25 1 918 
14 3 34 25 1 1129 
15 3 34 25 1 919 
16 3 34 25 1 1096 
17 3 34 25 1 1453 
18 3 34 25 1 1480 
19 3 34 25 1 1018 
20 3 34 25 1 881 
21 3 34 25 1 770 
06 11 34 25 1 288 
07 11 34 25 1 806 
08 11 34 25 1 1311 
09 11 34 25 1 1395 
10 11 34 25 1 1419 
11 11 34 25 1 1214 
12 11 34 25 1 871 
13 11 34 25 1 810 
14 11 34 25 1 1049 
15 11 34 25 1 1081 
16 11 34 25 1 1145 
17 11 34 25 1 1466 
18 11 34 25 1 1380 
19 11 34 25 1 875 
20 11 34 25 1 781 
21 11 34 25 1 905 
06 4 33 25 1 282 
07 4 33 25 1 553 
08 4 33 25 1 962 
09 4 33 25 1 1072 
10 4 33 25 1 1000 
11 4 33 25 1 856 
12 4 33 25 1 661 
13 4 33 25 1 698 
14 4 33 25 1 979 
15 4 33 25 1 1165 
16 4 33 25 1 1299 
17 4 33 25 1 1267 
18 4 33 25 1 984 
19 4 33 25 1 1016 
20 4 33 25 1 1014 
21 4 33 25 1 896 
06 3 32 24 1 327 
07 3 32 24 1 881 
08 3 32 24 1 1321 
09 3 32 24 1 1582 
10 3 32 24 1 1262 
11 3 32 24 1 1189 
12 3 32 24 1 833 
13 3 32 24 1 924 
14 3 32 24 1 1033 
15 3 32 24 1 1146 
16 3 32 24 1 1106 
17 3 32 24 1 1272 
18 3 32 24 1 989 
19 3 32 24 1 775 
20 3 32 24 1 767 
21 3 32 24 1 743 
06 3 33 23 1 240 
07 3 33 23 1 746 
08 3 33 23 1 1135 
09 3 33 23 1 1275 
10 3 33 23 1 1296 
11 3 33 23 1 957 
12 3 33 23 1 701 
13 3 33 23 1 1000 
14 3 33 23 1 988 
15 3 33 23 1 919 
16 3 33 23 1 935 
17 3 33 23 1 1116 
18 3 33 23 1 901 
19 3 33 23 1 764 
20 3 33 23 1 754 
21 3 33 23 1 662 
06 3 33 24 1 214 
07 3 33 24 1 817 
08 3 33 24 1 1236 
09 3 33 24 1 1339 
10 3 33 24 1 1185 
11 3 33 24 1 1006 
12 3 33 24 1 748 
13 3 33 24 1 888 
14 3 33 24 1 1003 
15 3 33 24 1 888 
16 3 33 24 1 866 
17 3 33 24 1 1006 
18 3 33 24 1 1025 
19 3 33 24 1 748 
20 3 33 24 1 789 
21 3 33 24 1 693 
06 3 33 22 1 248 
07 3 33 22 1 888 
08 3 33 22 1 1353 
09 3 33 22 1 1378 
10 3 33 22 1 1342 
11 3 33 22 1 902 
12 3 33 22 1 798 
13 3 33 22 1 957 
14 3 33 22 1 1107 
15 3 33 22 1 965 
16 3 33 22 1 1006 
17 3 33 22 1 1138 
18 3 33 22 1 1118 
19 3 33 22 1 764 
20 3 33 22 1 779 
21 3 33 22 1 720 
06 10 30 20 1 227 
07 10 30 20 1 779 
08 10 30 20 1 1169 
09 10 30 20 1 1145 
10 10 30 20 1 1090 
11 10 30 20 1 949 
12 10 30 20 1 837 
13 10 30 20 1 742 
14 10 30 20 1 970 
15 10 30 20 1 871 
16 10 30 20 1 923 
17 10 30 20 1 959 
18 10 30 20 1 893 
19 10 30 20 1 853 
20 10 30 20 1 793 
21 10 30 20 1 582 
06 10 30 18 1 265 
07 10 30 18 1 1000 
08 10 30 18 1 1610 
09 10 30 18 1 1297 
10 10 30 18 1 1164 
11 10 30 18 1 870 
12 10 30 18 1 800 
13 10 30 18 1 953 
14 10 30 18 1 952 
15 10 30 18 1 843 
16 10 30 18 1 977 
17 10 30 18 1 1288 
18 10 30 18 1 1374 
19 10 30 18 1 995 
20 10 30 18 1 908 
21 10 30 18 1 744 
06 10 31 17 1 329 
07 10 31 17 1 1048 
08 10 31 17 1 1531 
09 10 31 17 1 1296 
10 10 31 17 1 1179 
11 10 31 17 1 894 
12 10 31 17 1 811 
13 10 31 17 1 1057 
14 10 31 17 1 1030 
15 10 31 17 1 1077 
16 10 31 17 1 1126 
17 10 31 17 1 1570 
18 10 31 17 1 1689 
19 10 31 17 1 1082 
20 10 31 17 1 811 
21 10 31 17 1 712 
