06 2 35 26 1 771 
07 2 35 26 1 2221 
08 2 35 26 1 2861 
09 2 35 26 1 2960 
10 2 35 26 1 2456 
11 2 35 26 1 2085 
12 2 35 26 1 2103 
13 2 35 26 1 2088 
14 2 35 26 1 2073 
15 2 35 26 1 2194 
16 2 35 26 1 2247 
17 2 35 26 1 2248 
18 2 35 26 1 2317 
19 2 35 26 1 1727 
20 2 35 26 1 1717 
21 2 35 26 1 1538 
06 2 35 25 1 640 
07 2 35 25 1 1695 
08 2 35 25 1 2227 
09 2 35 25 1 2361 
10 2 35 25 1 2455 
11 2 35 25 1 2256 
12 2 35 25 1 1912 
13 2 35 25 1 2208 
14 2 35 25 1 2343 
15 2 35 25 1 2234 
16 2 35 25 1 2409 
17 2 35 25 1 2334 
18 2 35 25 1 2085 
19 2 35 25 1 1567 
20 2 35 25 1 1510 
21 2 35 25 1 1362 
06 2 34 25 1 825 
07 2 34 25 1 2038 
08 2 34 25 1 2978 
09 2 34 25 1 2878 
10 2 34 25 1 2571 
11 2 34 25 1 2118 
12 2 34 25 1 2139 
13 2 34 25 1 2158 
14 2 34 25 1 2244 
15 2 34 25 1 2190 
16 2 34 25 1 2274 
17 2 34 25 1 2768 
18 2 34 25 1 2342 
19 2 34 25 1 1683 
20 2 34 25 1 1481 
21 2 34 25 1 1517 
06 2 33 26 1 710 
07 2 33 26 1 1660 
08 2 33 26 1 2300 
09 2 33 26 1 2465 
10 2 33 26 1 2501 
11 2 33 26 1 2146 
12 2 33 26 1 1919 
13 2 33 26 1 2010 
14 2 33 26 1 2049 
15 2 33 26 1 1981 
16 2 33 26 1 2163 
17 2 33 26 1 2358 
18 2 33 26 1 1744 
19 2 33 26 1 1654 
20 2 33 26 1 1460 
21 2 33 26 1 1181 
06 3 34 25 1 822 
07 3 34 25 1 2311 
08 3 34 25 1 2994 
09 3 34 25 1 2682 
10 3 34 25 1 2799 
11 3 34 25 1 2353 
12 3 34 25 1 2021 
13 3 34 25 1 2227 
14 3 34 25 1 2063 
15 3 34 25 1 2119 
16 3 34 25 1 2250 
17 3 34 25 1 2600 
18 3 34 25 1 2572 
19 3 34 25 1 1776 
20 3 34 25 1 1733 
21 3 34 25 1 1432 
06 3 34 25 1 549 
07 3 34 25 1 1574 
08 3 34 25 1 2386 
09 3 34 25 1 2407 
10 3 34 25 1 2518 
11 3 34 25 1 2216 
12 3 34 25 1 1841 
13 3 34 25 1 2132 
14 3 34 25 1 2299 
15 3 34 25 1 2023 
16 3 34 25 1 2062 
17 3 34 25 1 2343 
18 3 34 25 1 2034 
19 3 34 25 1 1500 
20 3 34 25 1 1471 
21 3 34 25 1 1359 
06 3 33 25 1 788 
07 3 33 25 1 2250 
08 3 33 25 1 3062 
09 3 33 25 1 2955 
10 3 33 25 1 2741 
11 3 33 25 1 2337 
12 3 33 25 1 2135 
13 3 33 25 1 2328 
14 3 33 25 1 2291 
15 3 33 25 1 2397 
16 3 33 25 1 2590 
17 3 33 25 1 2502 
18 3 33 25 1 2532 
19 3 33 25 1 1869 
20 3 33 25 1 1681 
21 3 33 25 1 1677 
06 9 35 25 1 698 
07 9 35 25 1 1795 
08 9 35 25 1 2406 
09 9 35 25 1 2480 
10 9 35 25 1 2678 
11 9 35 25 1 2433 
12 9 35 25 1 1921 
13 9 35 25 1 2446 
14 9 35 25 1 2674 
15 9 35 25 1 2404 
16 9 35 25 1 2463 
17 9 35 25 1 2505 
18 9 35 25 1 2157 
19 9 35 25 1 1869 
20 9 35 25 1 1706 
21 9 35 25 1 1674 
06 10 35 25 1 744 
07 10 35 25 1 2117 
08 10 35 25 1 2638 
09 10 35 25 1 2440 
10 10 35 25 1 2670 
11 10 35 25 1 2159 
12 10 35 25 1 1680 
13 10 35 25 1 2174 
14 10 35 25 1 2223 
15 10 35 25 1 2256 
16 10 35 25 1 2600 
17 10 35 25 1 2774 
18 10 35 25 1 2456 
19 10 35 25 1 1925 
20 10 35 25 1 1551 
21 10 35 25 1 1659 
06 3 34 25 1 745 
07 3 34 25 1 1715 
08 3 34 25 1 2395 
09 3 34 25 1 2529 
10 3 34 25 1 2769 
11 3 34 25 1 2306 
12 3 34 25 1 1968 
13 3 34 25 1 2222 
14 3 34 25 1 1981 
15 3 34 25 1 2253 
16 3 34 25 1 2362 
17 3 34 25 1 2555 
18 3 34 25 1 1935 
19 3 34 25 1 1683 
20 3 34 25 1 1537 
21 3 34 25 1 1109 
06 12 33 25 1 789 
07 12 33 25 1 2599 
08 12 33 25 1 2945 
09 12 33 25 1 2948 
10 12 33 25 1 2565 
11 12 33 25 1 2459 
12 12 33 25 1 2207 
13 12 33 25 1 2755 
14 12 33 25 1 2438 
15 12 33 25 1 2756 
16 12 33 25 1 2632 
17 12 33 25 1 2540 
18 12 33 25 1 2526 
19 12 33 25 1 1786 
20 12 33 25 1 1640 
21 12 33 25 1 1675 
06 11 35 25 1 817 
07 11 35 25 1 1911 
08 11 35 25 1 2767 
09 11 35 25 1 2617 
10 11 35 25 1 2667 
11 11 35 25 1 2322 
12 11 35 25 1 2041 
13 11 35 25 1 2387 
14 11 35 25 1 2489 
15 11 35 25 1 2348 
16 11 35 25 1 2544 
17 11 35 25 1 2825 
18 11 35 25 1 2231 
19 11 35 25 1 1706 
20 11 35 25 1 1690 
21 11 35 25 1 1609 
06 9 32 23 4 867 
07 9 32 23 4 2209 
08 9 32 23 4 2917 
09 9 32 23 4 2806 
10 9 32 23 4 2612 
11 9 32 23 4 2302 
12 9 32 23 4 2104 
13 9 32 23 4 2402 
14 9 32 23 4 2632 
15 9 32 23 4 2451 
16 9 32 23 4 2606 
17 9 32 23 4 2849 
18 9 32 23 4 2435 
19 9 32 23 4 2004 
20 9 32 23 4 1700 
21 9 32 23 4 1714 
06 15 29 24 5 560 
07 15 29 24 5 1621 
08 15 29 24 5 2230 
09 15 29 24 5 2479 
10 15 29 24 5 2788 
11 15 29 24 5 2418 
12 15 29 24 5 2304 
13 15 29 24 5 2595 
14 15 29 24 5 2801 
15 15 29 24 5 2482 
16 15 29 24 5 2902 
17 15 29 24 5 2929 
18 15 29 24 5 2407 
19 15 29 24 5 1525 
20 15 29 24 5 1729 
21 15 29 24 5 1355 
06 3 33 24 1 972 
07 3 33 24 1 2295 
08 3 33 24 1 3101 
09 3 33 24 1 2555 
10 3 33 24 1 2612 
11 3 33 24 1 2105 
12 3 33 24 1 2091 
13 3 33 24 1 2140 
14 3 33 24 1 2253 
15 3 33 24 1 2180 
16 3 33 24 1 2373 
17 3 33 24 1 2477 
18 3 33 24 1 2367 
19 3 33 24 1 1657 
20 3 33 24 1 1734 
21 3 33 24 1 1350 
06 10 30 19 6 812 
07 10 30 19 6 1737 
08 10 30 19 6 2666 
09 10 30 19 6 2492 
10 10 30 19 6 2594 
11 10 30 19 6 2333 
12 10 30 19 6 2050 
13 10 30 19 6 2394 
14 10 30 19 6 2290 
15 10 30 19 6 2451 
16 10 30 19 6 2544 
17 10 30 19 6 2363 
18 10 30 19 6 2301 
19 10 30 19 6 1696 
20 10 30 19 6 1570 
21 10 30 19 6 1316 
06 10 30 19 1 991 
07 10 30 19 1 2307 
08 10 30 19 1 3205 
09 10 30 19 1 2765 
10 10 30 19 1 2778 
11 10 30 19 1 2303 
12 10 30 19 1 2294 
13 10 30 19 1 2686 
14 10 30 19 1 2629 
15 10 30 19 1 2483 
16 10 30 19 1 2600 
17 10 30 19 1 3075 
18 10 30 19 1 2603 
19 10 30 19 1 1852 
20 10 30 19 1 1608 
21 10 30 19 1 1625 
06 10 30 20 1 744 
07 10 30 20 1 2106 
08 10 30 20 1 2486 
09 10 30 20 1 2879 
10 10 30 20 1 2792 
11 10 30 20 1 2299 
12 10 30 20 1 2148 
13 10 30 20 1 2309 
14 10 30 20 1 2466 
15 10 30 20 1 2246 
16 10 30 20 1 2731 
17 10 30 20 1 2510 
18 10 30 20 1 2273 
19 10 30 20 1 1711 
20 10 30 20 1 1502 
21 10 30 20 1 1377 
06 17 29 21 1 752 
07 17 29 21 1 2112 
08 17 29 21 1 3364 
09 17 29 21 1 3029 
10 17 29 21 1 2891 
11 17 29 21 1 2269 
12 17 29 21 1 2411 
13 17 29 21 1 2356 
14 17 29 21 1 2373 
15 17 29 21 1 2430 
16 17 29 21 1 2644 
17 17 29 21 1 2733 
18 17 29 21 1 2405 
19 17 29 21 1 1831 
20 17 29 21 1 1510 
21 17 29 21 1 1625 
06 3 29 22 1 647 
07 3 29 22 1 2057 
08 3 29 22 1 2559 
09 3 29 22 1 2705 
10 3 29 22 1 3017 
11 3 29 22 1 2714 
12 3 29 22 1 2424 
13 3 29 22 1 2418 
14 3 29 22 1 2453 
15 3 29 22 1 2475 
16 3 29 22 1 2621 
17 3 29 22 1 2637 
18 3 29 22 1 2050 
19 3 29 22 1 1769 
20 3 29 22 1 1439 
21 3 29 22 1 1261 
06 11 31 20 1 822 
07 11 31 20 1 2312 
08 11 31 20 1 3262 
09 11 31 20 1 2997 
10 11 31 20 1 2571 
11 11 31 20 1 2144 
12 11 31 20 1 2103 
13 11 31 20 1 2295 
14 11 31 20 1 2748 
15 11 31 20 1 2148 
16 11 31 20 1 2680 
17 11 31 20 1 2695 
18 11 31 20 1 2648 
19 11 31 20 1 1809 
20 11 31 20 1 1608 
21 11 31 20 1 1430 
06 16 26 18 8 608 
07 16 26 18 8 1686 
08 16 26 18 8 2402 
09 16 26 18 8 2663 
10 16 26 18 8 2516 
11 16 26 18 8 2175 
12 16 26 18 8 2070 
13 16 26 18 8 2507 
14 16 26 18 8 2750 
15 16 26 18 8 2609 
16 16 26 18 8 2392 
17 16 26 18 8 2277 
18 16 26 18 8 1943 
19 16 26 18 8 1502 
20 16 26 18 8 1496 
21 16 26 18 8 1100 
06 20 19 17 1 458 
07 20 19 17 1 1985 
08 20 19 17 1 2575 
09 20 19 17 1 2289 
10 20 19 17 1 2242 
11 20 19 17 1 2175 
12 20 19 17 1 2045 
13 20 19 17 1 2398 
14 20 19 17 1 2486 
15 20 19 17 1 2448 
16 20 19 17 1 2663 
17 20 19 17 1 2522 
18 20 19 17 1 2525 
19 20 19 17 1 1699 
20 20 19 17 1 1573 
21 20 19 17 1 1402 
06 16 22 18 1 565 
07 16 22 18 1 1734 
08 16 22 18 1 2653 
09 16 22 18 1 2561 
10 16 22 18 1 2713 
11 16 22 18 1 2338 
12 16 22 18 1 2039 
13 16 22 18 1 2387 
14 16 22 18 1 2507 
15 16 22 18 1 2667 
16 16 22 18 1 2608 
17 16 22 18 1 2724 
18 16 22 18 1 2295 
19 16 22 18 1 1734 
20 16 22 18 1 1377 
21 16 22 18 1 1123 
06 3 24 17 1 853 
07 3 24 17 1 2312 
08 3 24 17 1 3033 
09 3 24 17 1 2979 
10 3 24 17 1 2501 
11 3 24 17 1 2100 
12 3 24 17 1 2303 
13 3 24 17 1 2226 
14 3 24 17 1 2551 
15 3 24 17 1 2437 
16 3 24 17 1 2843 
17 3 24 17 1 2623 
18 3 24 17 1 2540 
19 3 24 17 1 1779 
20 3 24 17 1 1728 
21 3 24 17 1 1524 
06 9 25 15 1 681 
07 9 25 15 1 1979 
08 9 25 15 1 2765 
09 9 25 15 1 2736 
10 9 25 15 1 2884 
11 9 25 15 1 2245 
12 9 25 15 1 2010 
13 9 25 15 1 2491 
14 9 25 15 1 2549 
15 9 25 15 1 2878 
16 9 25 15 1 2955 
17 9 25 15 1 3027 
18 9 25 15 1 2473 
19 9 25 15 1 1893 
20 9 25 15 1 1644 
21 9 25 15 1 1437 
06 10 26 17 1 629 
07 10 26 17 1 2340 
08 10 26 17 1 3421 
09 10 26 17 1 2813 
10 10 26 17 1 2946 
11 10 26 17 1 2075 
12 10 26 17 1 2371 
13 10 26 17 1 2462 
14 10 26 17 1 2394 
15 10 26 17 1 2520 
16 10 26 17 1 2986 
17 10 26 17 1 3171 
18 10 26 17 1 2456 
19 10 26 17 1 2015 
20 10 26 17 1 1752 
21 10 26 17 1 1546 
06 10 28 17 1 731 
07 10 28 17 1 1918 
08 10 28 17 1 2604 
09 10 28 17 1 2712 
10 10 28 17 1 2488 
11 10 28 17 1 1996 
12 10 28 17 1 1770 
13 10 28 17 1 2302 
14 10 28 17 1 2694 
15 10 28 17 1 2515 
16 10 28 17 1 2694 
17 10 28 17 1 2849 
18 10 28 17 1 2203 
19 10 28 17 1 1758 
20 10 28 17 1 1594 
21 10 28 17 1 1434 
06 16 26 20 1 762 
07 16 26 20 1 2503 
08 16 26 20 1 3278 
09 16 26 20 1 2972 
10 16 26 20 1 2849 
11 16 26 20 1 2270 
12 16 26 20 1 2280 
13 16 26 20 1 2656 
14 16 26 20 1 2760 
15 16 26 20 1 2707 
16 16 26 20 1 2894 
17 16 26 20 1 3220 
18 16 26 20 1 2781 
19 16 26 20 1 2043 
20 16 26 20 1 1633 
21 16 26 20 1 1787 
06 23 28 15 9 766 
07 23 28 15 9 2077 
08 23 28 15 9 2950 
09 23 28 15 9 2921 
10 23 28 15 9 2647 
11 23 28 15 9 2420 
12 23 28 15 9 2241 
13 23 28 15 9 2528 
14 23 28 15 9 2680 
15 23 28 15 9 2964 
16 23 28 15 9 2727 
17 23 28 15 9 2796 
18 23 28 15 9 2195 
19 23 28 15 9 1728 
20 23 28 15 9 1586 
21 23 28 15 9 1265 
06 3 19 12 1 786 
07 3 19 12 1 2248 
08 3 19 12 1 2911 
09 3 19 12 1 2821 
10 3 19 12 1 3012 
11 3 19 12 1 2541 
12 3 19 12 1 2370 
13 3 19 12 1 2472 
14 3 19 12 1 2887 
15 3 19 12 1 2692 
16 3 19 12 1 2856 
17 3 19 12 1 3170 
18 3 19 12 1 2628 
19 3 19 12 1 1870 
20 3 19 12 1 1469 
21 3 19 12 1 1538 
06 23 17 11 1 635 
07 23 17 11 1 1690 
08 23 17 11 1 2614 
09 23 17 11 1 2400 
10 23 17 11 1 2453 
11 23 17 11 1 2134 
12 23 17 11 1 1833 
13 23 17 11 1 2148 
14 23 17 11 1 2405 
15 23 17 11 1 2548 
16 23 17 11 1 2443 
17 23 17 11 1 2637 
18 23 17 11 1 2330 
19 23 17 11 1 1684 
20 23 17 11 1 1537 
21 23 17 11 1 1140 
06 3 16 8 1 754 
07 3 16 8 1 2508 
08 3 16 8 1 3179 
09 3 16 8 1 3360 
10 3 16 8 1 3187 
11 3 16 8 1 2485 
12 3 16 8 1 2263 
13 3 16 8 1 2643 
14 3 16 8 1 2665 
15 3 16 8 1 2349 
16 3 16 8 1 2868 
17 3 16 8 1 3115 
18 3 16 8 1 2697 
19 3 16 8 1 1900 
20 3 16 8 1 1650 
21 3 16 8 1 1341 
06 3 18 13 1 580 
07 3 18 13 1 1988 
08 3 18 13 1 2830 
09 3 18 13 1 3035 
10 3 18 13 1 2938 
11 3 18 13 1 2765 
12 3 18 13 1 2244 
13 3 18 13 1 2599 
14 3 18 13 1 2706 
15 3 18 13 1 2704 
16 3 18 13 1 2965 
17 3 18 13 1 3075 
18 3 18 13 1 2419 
19 3 18 13 1 1798 
20 3 18 13 1 1675 
21 3 18 13 1 1239 
06 10 18 5 1 718 
07 10 18 5 1 2433 
08 10 18 5 1 3467 
09 10 18 5 1 2968 
10 10 18 5 1 2746 
11 10 18 5 1 2273 
12 10 18 5 1 2263 
13 10 18 5 1 2513 
14 10 18 5 1 2580 
15 10 18 5 1 2477 
16 10 18 5 1 2724 
17 10 18 5 1 3092 
18 10 18 5 1 2672 
19 10 18 5 1 1719 
20 10 18 5 1 1613 
21 10 18 5 1 1496 
06 10 18 5 8 410 
07 10 18 5 8 1666 
08 10 18 5 8 2585 
09 10 18 5 8 2708 
10 10 18 5 8 2603 
11 10 18 5 8 2169 
12 10 18 5 8 2129 
13 10 18 5 8 2550 
14 10 18 5 8 2730 
15 10 18 5 8 2659 
16 10 18 5 8 2950 
17 10 18 5 8 3230 
18 10 18 5 8 2350 
19 10 18 5 8 1732 
20 10 18 5 8 1742 
21 10 18 5 8 1261 
06 23 18 9 1 692 
07 23 18 9 1 2126 
08 23 18 9 1 2811 
09 23 18 9 1 2420 
10 23 18 9 1 2240 
11 23 18 9 1 1944 
12 23 18 9 1 2069 
13 23 18 9 1 2129 
14 23 18 9 1 2079 
15 23 18 9 1 2047 
16 23 18 9 1 2372 
17 23 18 9 1 2744 
18 23 18 9 1 2328 
19 23 18 9 1 1662 
20 23 18 9 1 1429 
21 23 18 9 1 1349 
06 9 17 7 7 469 
07 9 17 7 7 1746 
08 9 17 7 7 2602 
09 9 17 7 7 2561 
10 9 17 7 7 2743 
11 9 17 7 7 1986 
12 9 17 7 7 2045 
13 9 17 7 7 2732 
14 9 17 7 7 2990 
15 9 17 7 7 2596 
16 9 17 7 7 2713 
17 9 17 7 7 2906 
18 9 17 7 7 2627 
19 9 17 7 7 1700 
20 9 17 7 7 1672 
21 9 17 7 7 1377 
