线路10,20150104,06,1599
线路15,20150104,06,502
线路10,20150104,07,4577
线路15,20150104,07,1754
线路10,20150104,08,4850
线路15,20150104,08,2286
线路10,20150104,09,3477
线路15,20150104,09,1505
线路10,20150104,10,2822
线路15,20150104,10,1104
线路10,20150104,11,2140
线路15,20150104,11,919
线路10,20150104,12,1943
线路15,20150104,12,735
线路10,20150104,13,2132
线路15,20150104,13,879
线路10,20150104,14,2252
线路15,20150104,14,988
线路10,20150104,15,2445
线路15,20150104,15,979
线路10,20150104,16,2890
线路15,20150104,16,1241
线路10,20150104,17,3670
线路15,20150104,17,1810
线路10,20150104,18,3496
线路15,20150104,18,1944
线路10,20150104,19,1992
线路15,20150104,19,1254
线路10,20150104,20,1435
线路15,20150104,20,819
线路10,20150104,21,1258
线路15,20150104,21,741
线路10,20150105,06,1556
线路15,20150105,06,500
线路10,20150105,07,4513
线路15,20150105,07,1817
线路10,20150105,08,4831
线路15,20150105,08,2326
线路10,20150105,09,3269
线路15,20150105,09,1530
线路10,20150105,10,2620
线路15,20150105,10,1095
线路10,20150105,11,2048
线路15,20150105,11,901
线路10,20150105,12,1836
线路15,20150105,12,735
线路10,20150105,13,2085
线路15,20150105,13,892
线路10,20150105,14,2209
线路15,20150105,14,967
线路10,20150105,15,2415
线路15,20150105,15,951
线路10,20150105,16,2854
线路15,20150105,16,1194
线路10,20150105,17,3633
线路15,20150105,17,1773
线路10,20150105,18,3526
线路15,20150105,18,1917
线路10,20150105,19,1962
线路15,20150105,19,1180
线路10,20150105,20,1502
线路15,20150105,20,796
线路10,20150105,21,1344
线路15,20150105,21,737
线路10,20150106,06,1537
线路15,20150106,06,403
线路10,20150106,07,4535
线路15,20150106,07,1776
线路10,20150106,08,4791
线路15,20150106,08,2261
线路10,20150106,09,3276
线路15,20150106,09,1467
线路10,20150106,10,2590
线路15,20150106,10,1073
线路10,20150106,11,1921
线路15,20150106,11,898
线路10,20150106,12,1807
线路15,20150106,12,724
线路10,20150106,13,1992
线路15,20150106,13,874
线路10,20150106,14,2118
线路15,20150106,14,949
线路10,20150106,15,2347
线路15,20150106,15,914
线路10,20150106,16,2824
线路15,20150106,16,1175
线路10,20150106,17,3640
线路15,20150106,17,1723
线路10,20150106,18,3447
线路15,20150106,18,1864
线路10,20150106,19,1897
线路15,20150106,19,1127
线路10,20150106,20,1543
线路15,20150106,20,732
线路10,20150106,21,1369
线路15,20150106,21,674
线路10,20150107,06,1287
线路15,20150107,06,468
线路10,20150107,07,4542
线路15,20150107,07,1744
线路10,20150107,08,4868
线路15,20150107,08,2166
线路10,20150107,09,3420
线路15,20150107,09,1398
线路10,20150107,10,2750
线路15,20150107,10,1006
线路10,20150107,11,2127
线路15,20150107,11,893
线路10,20150107,12,1940
线路15,20150107,12,693
线路10,20150107,13,2109
线路15,20150107,13,873
线路10,20150107,14,2196
线路15,20150107,14,961
线路10,20150107,15,2381
线路15,20150107,15,923
线路10,20150107,16,2853
线路15,20150107,16,1189
线路10,20150107,17,3673
线路15,20150107,17,1772
线路10,20150107,18,3495
线路15,20150107,18,1890
线路10,20150107,19,1954
线路15,20150107,19,1198
线路10,20150107,20,1471
线路15,20150107,20,757
线路10,20150107,21,1281
线路15,20150107,21,679
线路10,20150101,06,736
线路15,20150101,06,349
线路10,20150101,07,2186
线路15,20150101,07,1420
线路10,20150101,08,2949
线路15,20150101,08,2011
线路10,20150101,09,2744
线路15,20150101,09,1514
线路10,20150101,10,2673
线路15,20150101,10,1312
线路10,20150101,11,2191
线路15,20150101,11,1107
线路10,20150101,12,2017
线路15,20150101,12,915
线路10,20150101,13,2364
线路15,20150101,13,1050
线路10,20150101,14,2468
线路15,20150101,14,1105
线路10,20150101,15,2387
线路15,20150101,15,1076
线路10,20150101,16,2650
线路15,20150101,16,1234
线路10,20150101,17,2874
线路15,20150101,17,1688
线路10,20150101,18,2720
线路15,20150101,18,1732
线路10,20150101,19,1793
线路15,20150101,19,1146
线路10,20150101,20,1595
线路15,20150101,20,894
线路10,20150101,21,1347
线路15,20150101,21,834
线路10,20150102,06,737
线路15,20150102,06,352
线路10,20150102,07,2188
线路15,20150102,07,1438
线路10,20150102,08,2836
线路15,20150102,08,1991
线路10,20150102,09,2738
线路15,20150102,09,1516
线路10,20150102,10,2673
线路15,20150102,10,1306
线路10,20150102,11,2191
线路15,20150102,11,1103
线路10,20150102,12,2017
线路15,20150102,12,915
线路10,20150102,13,2364
线路15,20150102,13,1064
线路10,20150102,14,2468
线路15,20150102,14,1121
线路10,20150102,15,2387
线路15,20150102,15,1102
线路10,20150102,16,2650
线路15,20150102,16,1271
线路10,20150102,17,2870
线路15,20150102,17,1753
线路10,20150102,18,2720
线路15,20150102,18,1789
线路10,20150102,19,1793
线路15,20150102,19,1180
线路10,20150102,20,1595
线路15,20150102,20,901
线路10,20150102,21,1347
线路15,20150102,21,805
线路10,20150103,06,734
线路15,20150103,06,349
线路10,20150103,07,2177
线路15,20150103,07,1436
线路10,20150103,08,2789
线路15,20150103,08,1983
线路10,20150103,09,2736
线路15,20150103,09,1516
线路10,20150103,10,2671
线路15,20150103,10,1282
线路10,20150103,11,2185
线路15,20150103,11,1100
线路10,20150103,12,2009
线路15,20150103,12,919
线路10,20150103,13,2353
线路15,20150103,13,1074
线路10,20150103,14,2457
线路15,20150103,14,1133
线路10,20150103,15,2386
线路15,20150103,15,1126
线路10,20150103,16,2652
线路15,20150103,16,1292
线路10,20150103,17,2865
线路15,20150103,17,1786
线路10,20150103,18,2708
线路15,20150103,18,1820
线路10,20150103,19,1790
线路15,20150103,19,1229
线路10,20150103,20,1587
线路15,20150103,20,933
线路10,20150103,21,1338
线路15,20150103,21,832